upc,title,description,image_url,product_url,piece_length,piece_width,piece_height
86138100652,Toy Shopping Cart for Kids and Toddler - Includes Food - Folds for Easy Storage Metal Frame,NEW: Pretend Play 24 Pieces Food Included Sturdy Shopping Cart for Toddler and Kids to Pretend Play Highest Quality Metal Cart with pivoting front wheels just like in real stores Easy Folding Doll Seat fits up to 18 Inch Dolls and American Girl Dolls Take Dolly Shopping to the Toy Grocery to Shop Pretend Play Food Your,http://www.thenewyorkdollcollection.com/cdn/shop/products/716f2_iz1JL_grande.jpg?v=1622740478,https://www.thenewyorkdollcollection.com/products/shopping-cart?_pos=2&_sid=ecd807e5e&_ss=r,,,
786138708833,"Dolls Mega Play set with Dolls High Chair, 3-1 Doll Bouncer and Pack N Play Pink for 18-inch Dolls","This Mega doll playset includes a highchair, Bouncer and pack N play for dolls. Little girls will enjoy endless hours of fantastic pretend play fun with this Super value set. Pack N play dimensions: 12""x21""x12""; high chair dimensions: 12""x6""x24""; Bouncer dimensions: 14""x10""x15"". Highchair is foldable. Doll High Chair D",http://www.thenewyorkdollcollection.com/cdn/shop/products/71zEzIr_f9L_grande.jpg?v=1622817845,https://www.thenewyorkdollcollection.com/products/dolls-mega-play-set-with-dolls-high-chair-3-1-doll-bouncer-and-pack-n-play-pink-for-18-inch-dolls?_pos=1&_sid=0434d9077&_ss=r,12,21,12
810120820804,14 inch Soft Body Caucasian Baby Doll - Newborn Dolls for Girls with Doll Pacifier,"Color: Caucasian The Soft Body, Huggable 14 Inch Baby Doll is cuddly, soft, and sure to be played with for hours of pretend play fun. Dressed in a onesie and a matching hat this doll is made for love. Made for toddlers 18 months and up, this is a perfect FIRST DOLL. The head, hands, and feet are made of durable vinyl.",http://www.thenewyorkdollcollection.com/cdn/shop/products/61gmUeVZHTL_grande.jpg?v=1623085697,https://www.thenewyorkdollcollection.com/products/14-inch-soft-body-caucasian-baby-doll?_pos=1&_sid=fae3fb369&_ss=r,,,
810120820811,14 inch Soft Body Caucasian Baby Doll - Newborn Dolls for Girls with Doll Pacifier,"Color: Caucasian The Soft Body, Huggable 14 Inch Baby Doll is cuddly, soft, and sure to be played with for hours of pretend play fun. Dressed in a onesie and a matching hat this doll is made for love. Made for toddlers 18 months and up, this is a perfect FIRST DOLL. The head, hands, and feet are made of durable vinyl.",http://www.thenewyorkdollcollection.com/cdn/shop/products/61gmUeVZHTL_grande.jpg?v=1623085697,https://www.thenewyorkdollcollection.com/products/14-inch-soft-body-caucasian-baby-doll?_pos=1&_sid=dc3355dec&_ss=r,,,
709951192177,Mini Doll Sara - 6.5 Inch Vinyl Posable Doll,"6.5"" (16.5 cm) MINI DOLL has painted eyes and soft silky hair HANDMADE DOLL CLOTHING - Doll comes with undies, as well as a Headband, Socks, and Shoes DOLL TRAVEL Perfect size to take with you on trips - perfect for DOLLHOUSE play Great BIRTHDAY GIFT for girls - Collect all MINI Dolls - Great for DOLL COLLECTORS Posabl",http://www.thenewyorkdollcollection.com/cdn/shop/products/71q_POL-AQL_grande.jpg?v=1623259596,https://www.thenewyorkdollcollection.com/products/mini-doll-sara-6-5-inch-vinyl-posable-doll?_pos=1&_sid=3681afe13&_ss=r,,,
709951192191,Mini Doll Bella - 6.5 Inch Vinyl Posable Doll,"6.5"" (16.5 cm) MINI DOLLl has painted eyes and soft silky hair HANDMADE DOLL CLOTHING - Doll comes with undies, as well as a Headband, Socks, and Shoes DOLL TRAVEL Perfect size to take with you on trips - perfect for DOLLHOUSE play Great BIRTHDAY GIFT for girls - Collect all MINI Dolls - Great for DOLL COLLECTORS Posab",http://www.thenewyorkdollcollection.com/cdn/shop/products/61G5dZmQOJL_grande.jpg?v=1623096159,https://www.thenewyorkdollcollection.com/products/mini-doll-bella-6-5-inch-vinyl-posable-doll?_pos=1&_sid=2a0b272b1&_ss=r,,,
850021560270,"Glamour Girlz 14"" Poseable Fashion Doll - Dolls for Girls Ages 3 Year Old and up - Blonde Hair Doll with Stylish Doll Dress Outfit",VINYL POSABLE DOLL - Dolls can easily stand on their own. standing or sitting position 14 INCH DOLL - sized just right for little girls and a great collectible doll for kids of all ages SOFT HAIR - Beautiful Doll with long hair that,http://www.thenewyorkdollcollection.com/cdn/shop/products/71t1mEA_JRL_grande.jpg?v=1634060598,https://www.thenewyorkdollcollection.com/products/glamour-girlz-14-poseable-fashion-doll-dolls-for-girls-ages-3-year-old-and-up-blonde-hair-doll-with-stylish-doll-dress-outfit?_pos=1&_sid=535b24238&_ss=r&variant=41264499949732,,,
850021560287,"Glamour Girlz 14"" Poseable Fashion Doll - Dolls for Girls Ages 3 Year Old and up - Blonde Hair Doll with Stylish Doll Dress Outfit",VINYL POSABLE DOLL - Dolls can easily stand on their own. standing or sitting position 14 INCH DOLL - sized just right for little girls and a great collectible doll for kids of all ages SOFT HAIR - Beautiful Doll with long hair that,http://www.thenewyorkdollcollection.com/cdn/shop/products/71t1mEA_JRL_grande.jpg?v=1634060598,https://www.thenewyorkdollcollection.com/products/glamour-girlz-14-poseable-fashion-doll-dolls-for-girls-ages-3-year-old-and-up-blonde-hair-doll-with-stylish-doll-dress-outfit?_pos=1&_sid=48f3d1325&_ss=r&variant=41264499982500,,,
709951192153,Mini Doll Emma - 6.5 Inch Vinyl Posable Doll,"6.5"" (16.5 cm) MINI DOLL has painted eyes and soft silky hair HANDMADE DOLL CLOTHING - Doll comes with undies, as well as a Headband, Socks, and Shoes DOLL TRAVEL Perfect size to take with you on trips - perfect for DOLLHOUSE play Great BIRTHDAY GIFT for girls - Collect all MINI Dolls - Great for DOLL COLLECTORS Posabl",http://www.thenewyorkdollcollection.com/cdn/shop/products/61xH56EfcWL_grande.jpg?v=1623088949,https://www.thenewyorkdollcollection.com/products/mini-doll-emma-6-5-inch-vinyl-posable-doll?_pos=1&_sid=17efc0ea6&_ss=r,,,
709951192184,Mini Doll Lilly - 6.5 Inch Vinyl Posable Doll,"6.5"" (16.5 cm) MINI DOLLl has painted eyes and soft silky hair HANDMADE DOLL CLOTHING - Doll comes with undies, as well as a Headband, Socks, and Shoes DOLL TRAVEL Perfect size to take with you on trips - perfect for DOLLHOUSE play Great BIRTHDAY GIFT for girls - Collect all MINI Dolls - Great for DOLL COLLECTORS Posab",http://www.thenewyorkdollcollection.com/cdn/shop/products/713DrneiBFL_grande.jpg?v=1623095992,https://www.thenewyorkdollcollection.com/products/mini-doll-lilly-6-5-inch-vinyl-posable-doll?_pos=1&_sid=4b95274e9&_ss=r,,,
709951192160,Mini Doll Kaylee - 6.5 Inch Vinyl Posable Doll,"6.5"" (16.5 cm) MINI DOLL has painted eyes and soft silky hair HANDMADE DOLL CLOTHING - Doll comes with undies, as well as a Headband, Socks, and Shoes DOLL TRAVEL Perfect size to take with you on trips - perfect for DOLLHOUSE play Great BIRTHDAY GIFT for girls - Collect all MINI Dolls - Great for DOLL COLLECTORS Posabl",http://www.thenewyorkdollcollection.com/cdn/shop/products/61rfY_xUabL_grande.jpg?v=1623089749,https://www.thenewyorkdollcollection.com/products/mini-doll-kaylee-6-5-inch-vinyl-posable-doll?_pos=1&_sid=76145519a&_ss=r,,,
850021560263,"Glamour Girlz 14"" Poseable Fashion Doll - Dolls for Girls Ages 3 Year Old and up - Blonde Hair Doll with Stylish Doll Dress Outfit",VINYL POSABLE DOLL - Dolls can easily stand on their own. standing or sitting position 14 INCH DOLL - sized just right for little girls and a great collectible doll for kids of all ages SOFT HAIR - Beautiful Doll with long hair that,http://www.thenewyorkdollcollection.com/cdn/shop/products/71t1mEA_JRL_grande.jpg?v=1634060598,https://www.thenewyorkdollcollection.com/products/glamour-girlz-14-poseable-fashion-doll-dolls-for-girls-ages-3-year-old-and-up-blonde-hair-doll-with-stylish-doll-dress-outfit?_pos=1&_sid=bab1a0d5c&_ss=r&variant=41264499916964,,,
850021560003,Doll Car Seat Carrier Backpack with 12 Inch Soft Body Doll Includes Doll Bottles and Toy Accessories (Caucasian),Cutest Baby Doll and Carrier with Accessories Designed in the USA by The New York Doll Collection BABY DOLL WITH ACCESSORIES - Doll Car seat Playset includes Doll Car Seat and Baby Doll Accessories Key Product Features TRAVELING TOY - baby doll car seat carrier on the go can be used as a backpack or as a Doll Car seat,http://www.thenewyorkdollcollection.com/cdn/shop/products/71hLw0wAFuL_grande.jpg?v=1623161006,https://www.thenewyorkdollcollection.com/products/doll-travel-playset-baby-doll-car-seat-carrier-backpack-with-12-inch-soft-body-doll-includes-doll-bottles-and-toy-accessories-caucasian?_pos=1&_sid=561825e57&_ss=r,,,
850021560294,"Glamour Girlz 14"" Poseable Fashion Doll - Dolls for Girls Ages 3 Year Old and up - Blonde Hair Doll with Stylish Doll Dress Outfit",VINYL POSABLE DOLL - Dolls can easily stand on their own. standing or sitting position 14 INCH DOLL - sized just right for little girls and a great collectible doll for kids of all ages SOFT HAIR - Beautiful Doll with long hair that,http://www.thenewyorkdollcollection.com/cdn/shop/products/71t1mEA_JRL_grande.jpg?v=1634060598,https://www.thenewyorkdollcollection.com/products/glamour-girlz-14-poseable-fashion-doll-dolls-for-girls-ages-3-year-old-and-up-blonde-hair-doll-with-stylish-doll-dress-outfit?_pos=1&_sid=4db162f63&_ss=r&variant=41264500015268,,,
709951194034,Bunk Bed for Twin Dolls fits 18 Inch Dolls,"Time for doll sleepover. Young girls will delight in playing with this super cute Doll Bunk Bed. Comes with a ladder which helps dolls reach the top bunk. Beds could be taken apart to function as two single beds. Made to fit 18 Inch dolls such as American Girl, Madame Alexander, Our Generation, etc. High quality boutiq",http://www.thenewyorkdollcollection.com/cdn/shop/products/B009W7HY56.main_grande.jpg?v=1505240087,https://www.thenewyorkdollcollection.com/products/bunk-bed-for-twin-dolls?_pos=1&_sid=3923db6f2&_ss=r,,,
709951191538,"12"" Sweet Hispanic Twin Dolls Play Baby Dolls - Doll Pacifier Included","Realistic Looking Soft Hispanic Baby Twin Dolls 12” SOFT BODY DOLL and life-like vinyl head, arms, and legs that make PRETEND PLAY fun DOLL PACIFIER included - Easy for Small Children and toddlers to Hold &amp; Carry. These PLAY DOLLS are Full of Personality and Help to Create a World of Fun and Imagination - SAFETY TE",http://www.thenewyorkdollcollection.com/cdn/shop/products/71C5Ztdxo_L_363a3fdb-0358-4987-85c5-e50b05f63afe_grande.jpg?v=1623097835,https://www.thenewyorkdollcollection.com/products/12-sweet-hispanic-twin-dolls-play-baby-dolls-doll-pacifier-included?_pos=1&_sid=61a9b2d7b&_ss=r,,,
709951192146,Mini Doll Eva - 6.5 Inch Vinyl Posable Doll,"The 6.5"" (16.5 cm) mini doll has painted eyes and soft silky hair. Her smooth vinyl limbs are posable. She arrives in a tiny version of the 18 Inch New York Doll Collection Dolls. The Handmade dresses are sewn to perfection and attention to details. The Doll comes with undies, as well as a headband, socks, and shoes. T",http://www.thenewyorkdollcollection.com/cdn/shop/products/61TcsUk2CeL_grande.jpg?v=1623088629,https://www.thenewyorkdollcollection.com/products/mini-doll-eva-6-5-inch-vinyl-posable-doll?_pos=1&_sid=79ee109c0&_ss=r,,,
850021560119,"12 Inch Soft Body Interactive Baby Doll That Can Talk, Cry, Sing And Laugh","A favorite Doll is a child’s first best friend, often before they’re ready to form real human friendships. This 12 Inch Baby Doll was designed to be a child",http://www.thenewyorkdollcollection.com/cdn/shop/products/61vtvlMc72L_grande.jpg?v=1642614230,https://www.thenewyorkdollcollection.com/products/12-inch-soft-body-interactive-baby-doll-that-can-talk-cry-sing-and-laugh?_pos=1&_sid=e64763b7f&_ss=r&variant=41723009761444,,,
850021560430,"12 Inch Soft Body Interactive Baby Doll That Can Talk, Cry, Sing And Laugh","A favorite Doll is a child’s first best friend, often before they’re ready to form real human friendships. This 12 Inch Baby Doll was designed to be a child",http://www.thenewyorkdollcollection.com/cdn/shop/products/61vtvlMc72L_grande.jpg?v=1642614230,https://www.thenewyorkdollcollection.com/products/12-inch-soft-body-interactive-baby-doll-that-can-talk-cry-sing-and-laugh?_pos=1&_sid=466644220&_ss=r&variant=41723009794212,,,
850021560454,"12 Inch Soft Body Interactive Baby Doll That Can Talk, Cry, Sing And Laugh - Unicorn","A favorite Doll is a child’s first best friend, often before they’re ready to form real human friendships. This 12 Inch Baby Doll was designed to be a child",http://www.thenewyorkdollcollection.com/cdn/shop/products/61aWUy6XL7L_grande.jpg?v=1642615301,https://www.thenewyorkdollcollection.com/products/12-inch-soft-body-interactive-baby-doll-that-can-talk-cry-sing-and-laugh-unicorn?_pos=1&_sid=26404700c&_ss=r&variant=41723057569956,,,
850021560461,"12 Inch Soft Body Interactive Baby Doll That Can Talk, Cry, Sing And Laugh - Unicorn","A favorite Doll is a child’s first best friend, often before they’re ready to form real human friendships. This 12 Inch Baby Doll was designed to be a child",http://www.thenewyorkdollcollection.com/cdn/shop/products/61aWUy6XL7L_grande.jpg?v=1642615301,https://www.thenewyorkdollcollection.com/products/12-inch-soft-body-interactive-baby-doll-that-can-talk-cry-sing-and-laugh-unicorn?_pos=1&_sid=fd1cac285&_ss=r&variant=41723057602724,,,
810120820842,14 inch Soft Body Caucasian Baby Doll - Newborn Dolls for Girls with Doll Pacifier,"Color: Caucasian The Soft Body, Huggable 14 Inch Baby Doll is cuddly, soft, and sure to be played with for hours of pretend play fun. Dressed in a onesie and a matching hat this doll is made for love. Made for toddlers 18 months and up, this is a perfect FIRST DOLL. The head, hands, and feet are made of durable vinyl.",http://www.thenewyorkdollcollection.com/cdn/shop/products/61gmUeVZHTL_grande.jpg?v=1623085697,https://www.thenewyorkdollcollection.com/products/14-inch-soft-body-caucasian-baby-doll?_pos=1&_sid=9765c6214&_ss=r,,,
682017400686,My First Doll Stroller for Kids Hearts- Doll Stroller Folds for Storage,"This adorable doll stroller features a strong and durable built and offers and easy fold and go design. Makes for the perfect gift for the little girl in your life. Buckle to hold doll secure. Easy fold and go. Strong Metal Frame. High quality and durable FOLD-ABLE umbrella doll stroller to carry up to 18"" doll Pink an",http://www.thenewyorkdollcollection.com/cdn/shop/products/61InJbDnieL_grande.jpg?v=1622815118,https://www.thenewyorkdollcollection.com/products/single-doll-travel-stroller-heart?_pos=1&_sid=0d6de82d1&_ss=r,,,
687077263806,"Bye Baby Doll Stroller Play Set for 18"" Dolls - Great for American Girl Dolls & Doll Accessory Set",Super Cute Red Bye Bye Baby Doll Stroller are Especially designed for your 18 inch Doll or perfect for American Girl dolls to Push around. The Bye Bye Baby Doll Stroller is Made with top quality material having smooth wheels that will not leave any marks on a floor . Let your Dolly have some fun while pushing her own b,http://www.thenewyorkdollcollection.com/cdn/shop/products/71WxcWXMKeL_grande.jpg?v=1634234620,https://www.thenewyorkdollcollection.com/products/bye-baby-doll-stroller-play-set-for-18-dolls-great-for-american-girl-dolls-doll-accessory-set?_pos=1&_sid=b84b3b1f3&_ss=r,,,
687077262830,First Dolls Stroller for Kids – Red Color for18” inch Dolls Folds for Storage,"This adorable doll stroller features a strong and durable built and offers and easy fold and go design. This stroller is from our new luxury collection defined by its beauty and durability. The double sided Red Quilted fabric is twice as strong as any other doll stroller, and will last for many years of doll play. Make",http://www.thenewyorkdollcollection.com/cdn/shop/products/a186-4_grande.jpg?v=1622818123,https://www.thenewyorkdollcollection.com/products/single-doll-travel-stroller?_pos=1&_sid=a2e532ffd&_ss=r,,,
682017400709,"My First Doll Stroller with Basket & Heart Design Foldable Doll Stroller, Pink","My First Doll Stroller Does Everything The most important things that your little ones must be able to learn, is how to care for others. It may seem easy but it is the most challenging fact which Moms and Dads have to face. Kids love these precious and attractive toys doll strollers as a gift. This fold able doll strol",http://www.thenewyorkdollcollection.com/cdn/shop/products/41lKEfsO5_L_grande.jpg?v=1622814797,https://www.thenewyorkdollcollection.com/products/my-first-doll-stroller-hearts?_pos=1&_sid=17371d1ac&_ss=r,,,
86138103400,My First Umbrella Doll Stroller in Denim for Toddler,This adorable doll stroller features a strong and durable built and offers and easy fold and go design. Makes for the perfect gift for the little girl or boy in your life. Buckle to hold doll secure. Easy fold and go. Strong Metal Frame. Quality Material: Doll stroller made with top Quality materiel having comfortable,http://www.thenewyorkdollcollection.com/cdn/shop/products/718hiP3Kg5L_grande.jpg?v=1622815623,https://www.thenewyorkdollcollection.com/products/my-first-umbrella-doll-stroller-in-denim-for-toddler?_pos=1&_sid=0efbcbe7d&_ss=r,,,
9351A,My First Umbrella Doll Stroller in Denim for Toddler,This adorable doll stroller features a strong and durable built and offers and easy fold and go design. Makes for the perfect gift for the little girl or boy in your life. Buckle to hold doll secure. Easy fold and go. Strong Metal Frame. Quality Material: Doll stroller made with top Quality materiel having comfortable,http://www.thenewyorkdollcollection.com/cdn/shop/products/718hiP3Kg5L_grande.jpg?v=1622815623,https://www.thenewyorkdollcollection.com/products/my-first-umbrella-doll-stroller-in-denim-for-toddler?_pos=1&_sid=741ccd2d2&_ss=r,,,
687077262793,"6 Pairs of Doll Shoes Fits 18"" Dolls",Looking for the perfect and entertaining doll accessories for your 18-inch doll? You,http://www.thenewyorkdollcollection.com/cdn/shop/products/718jB1ozgjL_grande.jpg?v=1623163905,https://www.thenewyorkdollcollection.com/products/6-pairs-of-doll-shoes-fits-18-dolls?_pos=1&_sid=a55469ae7&_ss=r,,,
786138708758,"My First Doll Stroller with Basket & Heart Design Foldable Doll Stroller, Pink","My First Doll Stroller Does Everything The most important things that your little ones must be able to learn, is how to care for others. It may seem easy but it is the most challenging fact which Moms and Dads have to face. Kids love these precious and attractive toys doll strollers as a gift. This fold able doll strol",http://www.thenewyorkdollcollection.com/cdn/shop/products/41lKEfsO5_L_grande.jpg?v=1622814797,https://www.thenewyorkdollcollection.com/products/my-first-doll-stroller-hearts?_pos=1&_sid=88367c666&_ss=r,,,
786138708765,"My First Doll Stroller with Basket & Heart Design Foldable Doll Stroller, Pink","My First Doll Stroller Does Everything The most important things that your little ones must be able to learn, is how to care for others. It may seem easy but it is the most challenging fact which Moms and Dads have to face. Kids love these precious and attractive toys doll strollers as a gift. This fold able doll strol",http://www.thenewyorkdollcollection.com/cdn/shop/products/41lKEfsO5_L_grande.jpg?v=1622814797,https://www.thenewyorkdollcollection.com/products/my-first-doll-stroller-hearts?_pos=1&_sid=1646ce92a&_ss=r,,,
786138708772,"My First Doll Stroller with Basket & Heart Design Foldable Doll Stroller, Pink","My First Doll Stroller Does Everything The most important things that your little ones must be able to learn, is how to care for others. It may seem easy but it is the most challenging fact which Moms and Dads have to face. Kids love these precious and attractive toys doll strollers as a gift. This fold able doll strol",http://www.thenewyorkdollcollection.com/cdn/shop/products/41lKEfsO5_L_grande.jpg?v=1622814797,https://www.thenewyorkdollcollection.com/products/my-first-doll-stroller-hearts?_pos=1&_sid=4e8cf2ca6&_ss=r,,,
786138708789,"My First Doll Stroller with Basket & Heart Design Foldable Doll Stroller, Pink","My First Doll Stroller Does Everything The most important things that your little ones must be able to learn, is how to care for others. It may seem easy but it is the most challenging fact which Moms and Dads have to face. Kids love these precious and attractive toys doll strollers as a gift. This fold able doll strol",http://www.thenewyorkdollcollection.com/cdn/shop/products/41lKEfsO5_L_grande.jpg?v=1622814797,https://www.thenewyorkdollcollection.com/products/my-first-doll-stroller-hearts?_pos=1&_sid=9567af75c&_ss=r,,,
786138708796,"My First Doll Stroller with Basket & Heart Design Foldable Doll Stroller, Pink","My First Doll Stroller Does Everything The most important things that your little ones must be able to learn, is how to care for others. It may seem easy but it is the most challenging fact which Moms and Dads have to face. Kids love these precious and attractive toys doll strollers as a gift. This fold able doll strol",http://www.thenewyorkdollcollection.com/cdn/shop/products/41lKEfsO5_L_grande.jpg?v=1622814797,https://www.thenewyorkdollcollection.com/products/my-first-doll-stroller-hearts?_pos=1&_sid=d620f606a&_ss=r,,,
786138708802,"My First Doll Stroller with Basket & Heart Design Foldable Doll Stroller, Pink","My First Doll Stroller Does Everything The most important things that your little ones must be able to learn, is how to care for others. It may seem easy but it is the most challenging fact which Moms and Dads have to face. Kids love these precious and attractive toys doll strollers as a gift. This fold able doll strol",http://www.thenewyorkdollcollection.com/cdn/shop/products/41lKEfsO5_L_grande.jpg?v=1622814797,https://www.thenewyorkdollcollection.com/products/my-first-doll-stroller-hearts?_pos=1&_sid=d2e11b286&_ss=r,,,
786138708819,"My First Doll Stroller with Basket & Heart Design Foldable Doll Stroller, Pink","My First Doll Stroller Does Everything The most important things that your little ones must be able to learn, is how to care for others. It may seem easy but it is the most challenging fact which Moms and Dads have to face. Kids love these precious and attractive toys doll strollers as a gift. This fold able doll strol",http://www.thenewyorkdollcollection.com/cdn/shop/products/41lKEfsO5_L_grande.jpg?v=1622814797,https://www.thenewyorkdollcollection.com/products/my-first-doll-stroller-hearts?_pos=1&_sid=0a6cb498b&_ss=r,,,
786138708826,"My First Doll Stroller with Basket & Heart Design Foldable Doll Stroller, Pink","My First Doll Stroller Does Everything The most important things that your little ones must be able to learn, is how to care for others. It may seem easy but it is the most challenging fact which Moms and Dads have to face. Kids love these precious and attractive toys doll strollers as a gift. This fold able doll strol",http://www.thenewyorkdollcollection.com/cdn/shop/products/41lKEfsO5_L_grande.jpg?v=1622814797,https://www.thenewyorkdollcollection.com/products/my-first-doll-stroller-hearts?_pos=1&_sid=bf19a93da&_ss=r,,,
786138708857,"My First Doll Stroller with Basket & Heart Design Foldable Doll Stroller, Pink","My First Doll Stroller Does Everything The most important things that your little ones must be able to learn, is how to care for others. It may seem easy but it is the most challenging fact which Moms and Dads have to face. Kids love these precious and attractive toys doll strollers as a gift. This fold able doll strol",http://www.thenewyorkdollcollection.com/cdn/shop/products/41lKEfsO5_L_grande.jpg?v=1622814797,https://www.thenewyorkdollcollection.com/products/my-first-doll-stroller-hearts?_pos=1&_sid=bdce8d50b&_ss=r,,,
786138708864,"My First Doll Stroller with Basket & Heart Design Foldable Doll Stroller, Pink","My First Doll Stroller Does Everything The most important things that your little ones must be able to learn, is how to care for others. It may seem easy but it is the most challenging fact which Moms and Dads have to face. Kids love these precious and attractive toys doll strollers as a gift. This fold able doll strol",http://www.thenewyorkdollcollection.com/cdn/shop/products/41lKEfsO5_L_grande.jpg?v=1622814797,https://www.thenewyorkdollcollection.com/products/my-first-doll-stroller-hearts?_pos=1&_sid=54e11dd0b&_ss=r,,,
810120820781,Doll Socks -Knee Highs Set of 4,"Package Includes: Red, Black, Green, and Ivory Doll Knee Highs These 18 inch Doll Socks Come in Multiple Solid Colors to Complete any 18 Inch Doll Outfit! Super Soft, Comfortable and High-Quality Fabric Doll Knee Highs. Made by The New York Doll Collection, Offering the highest quality 18"" Doll Strollers, 18"" Doll Furn",http://www.thenewyorkdollcollection.com/cdn/shop/products/D240-1_grande.jpg?v=1487790276,https://www.thenewyorkdollcollection.com/products/knee-highs-set-of-4?_pos=1&_sid=38fbed8ba&_ss=r,,,
850021560874,"My First Doll Stroller with Basket & Heart Design Foldable Doll Stroller, Pink","My First Doll Stroller Does Everything The most important things that your little ones must be able to learn, is how to care for others. It may seem easy but it is the most challenging fact which Moms and Dads have to face. Kids love these precious and attractive toys doll strollers as a gift. This fold able doll strol",http://www.thenewyorkdollcollection.com/cdn/shop/products/41lKEfsO5_L_grande.jpg?v=1622814797,https://www.thenewyorkdollcollection.com/products/my-first-doll-stroller-hearts?_pos=1&_sid=d60485d3a&_ss=r,,,
687077260942,Wooden Doll Bed with Trundle Fits 18 Inch Dolls,"So Many Sleepy Dolls, So Many New York Doll Collection Doll Beds! The New York Doll Collection offers a wide selection of like-real bunk beds when your little one needs a place for dolly and friends to rest and recharge. Versatile and sized just right for almost any doll, these beds inspire imaginative role-playing, so",http://www.thenewyorkdollcollection.com/cdn/shop/products/4196LelSrLL_grande.jpg?v=1623252079,https://www.thenewyorkdollcollection.com/products/doll-trundle?_pos=1&_sid=196d526fe&_ss=r,,,
861381017106,Wooden Doll Bed fits 18 Inch Dolls,"Time for bed. Young girls will delight in getting their 18 inch doll or baby dolls to sleep in a Stylish Unicorn Doll Bed. This Doll Furniture Set is stylish and fun. great for girls sleepover fun. Full Doll Playset includes Doll blanket, bed sheet, Unicorn Pillow, and matching Doll Unicorn Pajamas designed to fit 18 i",http://www.thenewyorkdollcollection.com/cdn/shop/products/41T_JXjasQL_grande.jpg?v=1623175301,https://www.thenewyorkdollcollection.com/products/wooden-doll-bed-fits-18-inch-dolls?_pos=1&_sid=324a33660&_ss=r,,,
861381016970,Bunk Bed for Twin Dolls fits 18 Inch Dolls,"Time for doll sleepover. Young girls will delight in playing with this super cute Doll Bunk Bed. Comes with a ladder which helps dolls reach the top bunk. Beds could be taken apart to function as two single beds. Made to fit 18 Inch dolls such as American Girl, Madame Alexander, Our Generation, etc. High quality boutiq",http://www.thenewyorkdollcollection.com/cdn/shop/products/B009W7HY56.main_grande.jpg?v=1505240087,https://www.thenewyorkdollcollection.com/products/bunk-bed-for-twin-dolls?_pos=1&_sid=c030307ca&_ss=r,,,
709951192115,18 Inch Doll Clothes Winter Clothing Set,"Has your daughter been dressing her doll in the same outfit day after day? Has she lost some enthusiasm of her little friend? You can revive that friendship with a whole new wardrobe for her 18"" doll, and watch her delight when she sees the volume of doll outfits included in this package. This doll clothes set for 18 i",http://www.thenewyorkdollcollection.com/cdn/shop/products/71F3Njvcd-L_grande.jpg?v=1623164176,https://www.thenewyorkdollcollection.com/products/18-inch-doll-clothes-winter-clothing-set?_pos=1&_sid=65a8c5e30&_ss=r,,,
709951192139,18 Inch Doll Clothes Dress,DOLL CLOTHES and DOLL ACCESSORIES for American Girl Dolls and other 18 Inches Dolls Dress your doll in fun Summer fashion that is modern and up to date. This Doll Clothes set for 18-inch dolls contains 11 pcs to mix and match and to fit any occasion. The designed to fit American Girl Dolls and other 18-inch Dolls. Fits,http://www.thenewyorkdollcollection.com/cdn/shop/products/81ADGxrJPLL_grande.jpg?v=1623164868,https://www.thenewyorkdollcollection.com/products/18-inch-doll-clothes-dress?_pos=1&_sid=6558df3a0&_ss=r,,,
687077261437,Doll Wheelchair Set with Accessories for 18 Inch Dolls,GET WELL DOLLY! Help your 18 inch DOLL be on the mend with this realistic looking Doll WHEELCHAIR set for 18 Inch Dolls. wheelchair can be folded for storage and looks just like the real thing! The large back wheels move forward and backward and the smaller front wheels swivels for easy maneuvering. It folds up for sto,http://www.thenewyorkdollcollection.com/cdn/shop/products/712D6otKRPL_grande.jpg?v=1623167909,https://www.thenewyorkdollcollection.com/products/18-inch-doll-wheelchair?_pos=1&_sid=ff517dbd0&_ss=r,,,
687077264568,White Lace Dress and Belt for Dolls- 18 inch Doll,"Set of Doll Leggings and White Top Clothing Dress fits 18 inch/46cm Dolls Package Includes: Animal Print Leggings and White Top These Printed Leggings come with White Top to Complete any 18 inch/46 cm Doll Outfit Super Soft, Comfortable and High-Quality Fabric Clothing. Set of Doll Leggings and White Top Clothing |Dres",http://www.thenewyorkdollcollection.com/cdn/shop/products/D271_grande.jpg?v=1487183812,https://www.thenewyorkdollcollection.com/products/animal-print-leggings-and-white-top-fits-all-18-inch-dolls?_pos=1&_sid=619c11466&_ss=r,,,
709951192085,"Baby Doll Accessories, Doll Magic Bottles & Doll Feeding Set in A Bag","An Accessory you need the most for your lovely dolls its modern design makes the milk bottles unique, just as if the doll drinks it. Give your doll the milk bottle and be amazed how the milk disappears when feeding your new born baby Doll. 8 pc doll magic bottles feeding set includes 2 baby doll bottles with disappeari",http://www.thenewyorkdollcollection.com/cdn/shop/products/51d2tw8h6tL_grande.jpg?v=1623170796,https://www.thenewyorkdollcollection.com/products/baby-doll-accessories-doll-magic-bottles-doll-feeding-set-in-a-bag?_pos=1&_sid=256ca4dc9&_ss=r,,,
709951192603,"18"" Doll Scooter & Helmet Set","18 Inch Pink Doll Scooter includes Doll shoes, Elbow and Knee pads, Scooter and Doll Helmet. Handle bars are designed for 18 inch dolls to stand by themselves. 18 INCH DOLL SCOOTER AND HELMET - your doll will ride along on her own scooter and bike helmet 18 INCH DOLL ACCESSORY SET INCLUDES Doll sized helmet, Doll Scoot",http://www.thenewyorkdollcollection.com/cdn/shop/products/413crFTM3zL_grande.jpg?v=1623173636,https://www.thenewyorkdollcollection.com/products/18-doll-scooter-helmet-set?_pos=1&_sid=91adf2e6b&_ss=r,,,
687077263387,"Doll Bicycle with Streamers & Basket for 18"" Dolls","Give your doll a reliable mode of transportation, with this Super Cute Doll Bike. The purple and blue bicycle is equipped with bright, colorful streamers that are sure to turn a few heads as your dolly takes in every twist and turn of the open road, while the handlebar basket gives her a place to store her essential ge",http://www.thenewyorkdollcollection.com/cdn/shop/products/41EMAZTas9L_grande.jpg?v=1623168884,https://www.thenewyorkdollcollection.com/products/bicycle-with-helmet?_pos=1&_sid=e3843bd0c&_ss=r,,,
687077264599,The New York Doll Collection Bicycle Helmet for Dolls - Fits American Girl Dolls and All 18 Inch Dolls (Pink),"Make sure you doll is well protected with her very own helmet. Whether on a bike ride in her Ride Along Dolly Bike Seat, or ice skating, roller skating, scooting or more, this essential doll helmet is a must have for any American Girl Sized Doll. Manufactured by The New York Doll Collection, a Modern Company for Dolls",http://www.thenewyorkdollcollection.com/cdn/shop/products/61HERWACqEL_grande.jpg?v=1631631689,https://www.thenewyorkdollcollection.com/products/the-new-york-doll-collection-bicycle-helmet-for-dolls-fits-american-girl-dolls-and-all-18-inch-dolls-pink?_pos=1&_sid=ffb25c940&_ss=r,,,
709951192108,"Baby Doll Diaper Bag Set, Doll Feeding Set with Baby Doll Accessories","Young caregivers will love this complete set of Baby Doll Accessories to ""parent"" their first baby dolls! Children can attach the Doll bib and feed their babies with bottles, spoon, spork, divided dish, Use the Doll Pampers to clean up your doll and when ready use the Doll Training Potty to toilet train your doll. A Do",http://www.thenewyorkdollcollection.com/cdn/shop/products/51ByF-umlhL_grande.jpg?v=1623170963,https://www.thenewyorkdollcollection.com/products/baby-doll-diaper-bag-set-doll-feeding-set-with-baby-doll-accessories?_pos=1&_sid=3dc39adf0&_ss=r,,,
709951191309,Back to School Set - 18 Inch Girl Dolls,Looking for the perfect and Entertaining doll accessories for your 18-inch doll? You,http://www.thenewyorkdollcollection.com/cdn/shop/products/E154_grande.jpg?v=1535987885,https://www.thenewyorkdollcollection.com/products/school-desk-with-accessories?_pos=1&_sid=ecab1b436&_ss=r,,,
687077262694,"Doll Travel Suitcase Carry on Luggage, Ticket, Passport and 12 Accessories -for 18 Inch Dolls","Your little one will love the Travel Luggage Doll accessories for her favorite 18 inch doll. This fun set includes; Suitcase, Travel Accessory Kit, Traveling Pillow, Passport, 3 Boarding Tickets, Tablet, Smartphone, Camera, Hair Brush, and Sunglasses. The perfect items for long flights and car rides. Playing make belie",http://www.thenewyorkdollcollection.com/cdn/shop/products/E127.main_grande.jpg?v=1490281317,https://www.thenewyorkdollcollection.com/products/travel-accessories-set?_pos=1&_sid=d2c1b3bf6&_ss=r,,,
687077263400,11 Piece Art Set for 18 inch Dolls,"Is your doll ready to express her inner Da Vinci? Equip her to fill a glamorous gallery! When Dolly is feeling creative, she can bring out this art set. Encourage the artist in your Little Picasso! This set is perfect for play with your little girls 18"" doll or American Girl. Set includes: Apron, Easel, Paint Palette,",http://www.thenewyorkdollcollection.com/cdn/shop/products/art-set1-255x255_grande.jpg?v=1623182855,https://www.thenewyorkdollcollection.com/products/art-set?_pos=1&_sid=81138b863&_ss=r,,,
850021560058,Unicorn Baby Doll car seat for Dolls  (Car Seat),"Unicorn Baby Doll car seat and Diaper Bag for Dolls -Great Baby Doll Accessories for Travel (Car Seat) Unicorn Designed Baby doll toy car seat helps children understand the importance of car safety, while enjoying play-time fun. Children learn to replicate the role of a caring adult as they safely secure a favorite dol",http://www.thenewyorkdollcollection.com/cdn/shop/products/719QRpC0g9L_grande.jpg?v=1622819858,https://www.thenewyorkdollcollection.com/products/unicorn-baby-doll-car-seat-for-dolls-car-seat?_pos=1&_sid=f21865ef7&_ss=r,,,
687077264070,Doll Shoulder Bag for 18 inch Dolls,This carry all satchel holds your doll,http://www.thenewyorkdollcollection.com/cdn/shop/products/D262-3-150x150_grande.jpg?v=1490122729,https://www.thenewyorkdollcollection.com/products/doll-shoulder-bag?_pos=1&_sid=06ecad389&_ss=r,,,
687077264520,Vintage Dress with Belt and Necklace,Vintage Dress with Belt and Necklace for 18 inch Dolls,http://www.thenewyorkdollcollection.com/cdn/shop/products/D267_grande.jpg?v=1487184704,https://www.thenewyorkdollcollection.com/products/vintage-dress-with-belt-and-necklace-fits-all-18-inch-dolls?_pos=1&_sid=03311dfc5&_ss=r,,,
687077264605,Blue Striped Jumper with white T-shirt - Fits all 18 inch Dolls,Dolly will be all ready for any occasion in this sweet doll ensemble . She,http://www.thenewyorkdollcollection.com/cdn/shop/products/d275_grande.jpg?v=1505407577,https://www.thenewyorkdollcollection.com/products/striped-jumper-blue?_pos=1&_sid=09bff9e8b&_ss=r,,,
709951191613,"18"" Doll Travel Case, Includes Doll Sleepover Set with 9 Doll Accessories","9 Piece Set Includes: Doll Traveling Case with Pockets, Doll Sleeping Bag, Pillow, 18 Inch Doll Pajamas, Fuzzy Slippers, Teddy Bear, Eye Mask, Story Book and a Game 9 piece set includes: doll traveling case with pockets, doll sleeping bag, pillow, 18 inch doll pajamas, fuzzy slippers, teddy bear, eye mask, story book a",http://www.thenewyorkdollcollection.com/cdn/shop/products/g115_-_main_grande.jpg?v=1521053136,https://www.thenewyorkdollcollection.com/products/city-girls-travel-bag-and-sleepover-set?_pos=1&_sid=0e7c29c07&_ss=r,,,
709951191996,Magic Milk and Juice Bottle (1 Pack),"Magic baby bottles are the perfect mess free feeding accessory for baby dolls. These lightweight plastic bottles appear to empty when the baby doll drinks, sparking the imagination and providing hours of enjoyment The fluid level in each bottle decreases more quickly The farther its tilted This set includes one (1) bab",http://www.thenewyorkdollcollection.com/cdn/shop/products/31pn17XykaS_grande.jpg?v=1623170097,https://www.thenewyorkdollcollection.com/products/magic-milk-and-juice-bottle-1-pack?_pos=1&_sid=8e75d79ad&_ss=r,,,
709951192665,50Piece Baby Doll Feeding & Caring Accessory Set in Zippered Carrying Case,"Young caregivers will love this complete set of Baby Doll Accessories to ""parent"" their first baby dolls! Children can attach the Doll bib and feed their babies with bottles, spoon, spork, divided dish, Use the Doll Pampers to clean up your doll and when ready use the Doll Training Potty to toilet train your doll. A Do",http://www.thenewyorkdollcollection.com/cdn/shop/products/51Q-CBEtIGS_grande.jpg?v=1637338541,https://www.thenewyorkdollcollection.com/products/50piece-baby-doll-feeding-caring-accessory-set-in-zippered-carrying-case?_pos=1&_sid=db39ec65c&_ss=r,,,
850021560775,Interactive 16” Baby Doll Toy Doctor Kit with Light Up Heartbeat Sound Stethoscope,* CHECKUP DOC TOY DOLL SET: It,http://www.thenewyorkdollcollection.com/cdn/shop/products/71fR4DdnVRL_grande.jpg?v=1645636183,https://www.thenewyorkdollcollection.com/products/interactive-16-baby-doll-toy-doctor-kit-with-light-up-heartbeat-sound-stethoscope?_pos=1&_sid=5bd8257a4&_ss=r,,,
850021560881,Doll Diapers set of 10,Made to fit your Baby Alive Doll. Each Set comes with 10 Diapers featuring padding and reusable Velcro closures on the 2 sides. Keep your Baby Doll fresh and clean with these convenient doll diapers. More fun than Ever! Pretend being a mommy by changing your dolls diaper without the real life mess! Made by The New York,http://www.thenewyorkdollcollection.com/cdn/shop/products/354d1514-f34e-4c45-98e9-053a0c358576_1.4b9af078e92c838cfe96330f30d2ed03_grande.jpg?v=1623249365,https://www.thenewyorkdollcollection.com/products/doll-diapers?_pos=1&_sid=87501ab40&_ss=r,,,
X001UV70HL,Camping Set for 18 inch Dolls,"Great Accessory for Camping Season Now your Doll can get a separate tent to take a nap and rest! The doll camping set is a great accessory for camping season. Going out with your family for camping, take your Doll and Our camping set to enjoy and have fun This camping set is easy to handle. It is made with the finest q",http://www.thenewyorkdollcollection.com/cdn/shop/products/51kE7gT-JnL_grande.jpg?v=1623174832,https://www.thenewyorkdollcollection.com/products/doll-camping-set?_pos=1&_sid=74beb8a5a&_ss=r,,,
810120820415,18 Inch Doll 5 Pack Plain White Doll T-Shirts,"Perfect for birthday party favors, fund raisers or children",http://www.thenewyorkdollcollection.com/cdn/shop/products/41Vu030qCDL_grande.jpg?v=1623166770,https://www.thenewyorkdollcollection.com/products/18-inch-doll-5-pack-plain-white-doll-t-shirts?_pos=1&_sid=bec4560fd&_ss=r,,,
687077262748,11 inches soft body vinyl doll in gift box African American,"Dolly, is cuddly soft, precious and sure to be played with for years. Your little one will be captivated. Dressed in a onesie and a sweet little cap, this doll is made for love. Made for toddlers 18 months and up, a perfect first doll. The head, hands, and feet are made of durable vinyl. Made by the New York Doll Colle",http://www.thenewyorkdollcollection.com/cdn/shop/products/71EPj7eQ8OL_grande.jpg?v=1623084926,https://www.thenewyorkdollcollection.com/products/11-inches-soft-body-vinyl-doll-in-gift-box-african-american?_pos=1&_sid=0aef6ca20&_ss=r,,,
709951192481,11 inch Soft Body Hispanic Newborn Baby Doll in Gift Box - Doll Pacifier Included,"FREE DOLL PACIFIER INCLUDED - Hispanic Soft Baby Doll with Amazingly Detailed Vinyl Head, Arms, and Legs. This BABY DOLL comes Dressed in a Polka Dotted Onesie and a Sweet Little matching Hat. This Baby Doll is 11-inches which makes it easy for Small Children to Hold, Carry and play with ease. Great baby doll for 1 yea",http://www.thenewyorkdollcollection.com/cdn/shop/products/41TbI1JvYjL_grande.jpg?v=1623096798,https://www.thenewyorkdollcollection.com/products/11-inch-soft-body-hispanic-newborn-baby-doll-in-gift-box-doll-pacifier-included?_pos=1&_sid=6be46ec7c&_ss=r,,,
709951192207,11 inch Soft Body Doll in Gift Box (Caucasian),"FREE DOLL PACIFIER INCLUDED - Caucasian Soft Baby Doll with Amazingly Detailed Vinyl Head, Arms, and Legs. This BABY DOLL comes Dressed in a Polka Dotted Onesie and a Sweet Little matching Hat This Baby Doll is 11-inches which makes it easy for Small Children to Hold, Carry and play with ease. Great baby doll for 1 yea",http://www.thenewyorkdollcollection.com/cdn/shop/products/71kPmQ4BRDL_grande.jpg?v=1623096469,https://www.thenewyorkdollcollection.com/products/11-inch-soft-body-doll-in-gift-box-caucasian?_pos=1&_sid=904a88e25&_ss=r,,,
709951192610,11 inch Soft Body Boy Baby Doll in Gift Box - Doll Pacifier Included,"FREE DOLL PACIFIER INCLUDED - First Soft Baby Boy Doll with Detailed Vinyl Head, Arms, and Legs Great BABY DOLL for Boys 1 years olds and up. Your kid will be proud holding their own Boy Doll Educational Preschool toys, Imagination and creative play with Dolls for Boys. SAFETY TESTED for toddlers Washable Boy Toy Doll",http://www.thenewyorkdollcollection.com/cdn/shop/products/71sfau761ML_grande.jpg?v=1623098274,https://www.thenewyorkdollcollection.com/products/11-inch-soft-body-boy-baby-doll-in-gift-box-doll-pacifier-included?_pos=1&_sid=526a40187&_ss=r,,,
709951192498,The New York Doll Collection 14 inch Soft Body African American Baby Doll,Soft Body African American BABY DOLL - Flexible arms and legs 14-inch Size DOLL That,http://www.thenewyorkdollcollection.com/cdn/shop/products/71LnNY_YI-L_grande.jpg?v=1623096967,https://www.thenewyorkdollcollection.com/products/the-new-york-doll-collection-14-inch-soft-body-african-american-baby-doll?_pos=1&_sid=4b2c5bb6b&_ss=r,,,
709951192474,11 inch Soft Body African American Newborn Baby Doll in Gift Box - Doll Pacifier Included,"FREE DOLL PACIFIER INCLUDED - African American Soft Baby Doll with Amazingly Detailed Vinyl Head, Arms, and Legs. This BABY DOLL comes Dressed in a Polka Dotted Onesie and a Sweet Little matching Hat. This Baby Doll is 11-inches which makes it easy for Small Children to Hold, Carry and play with ease. Great baby doll.",http://www.thenewyorkdollcollection.com/cdn/shop/products/71X5tk_X8nL_grande.jpg?v=1623096637,https://www.thenewyorkdollcollection.com/products/11-inch-soft-body-african-american-newborn-baby-doll-in-gift-box-doll-pacifier-included?_pos=1&_sid=f9d59ef9f&_ss=r,,,
687077262274,Floral Sunflower Wreath Pink,"Who does not love pretty hair accessories?! Your 18 inch doll will be thrilled to pair this fab doll wreath with any outfit she may already own! Manufactured by The New York Doll Collection, a Modern Company for Dolls and Kids. This lovely doll wreath with sunflowers is made to fit 18 Inch dolls such as American Girl,",http://www.thenewyorkdollcollection.com/cdn/shop/products/D199-6_grande.jpg?v=1487788192,https://www.thenewyorkdollcollection.com/products/floral-sunflower-wreath-pink?_pos=1&_sid=237d9e0b6&_ss=r,,,
687077262502,Blue Canvas Gladiator Trainers fits 18 Inch Dolls,"Doll Shoes made to fit 46 cm dolls such as American Girl, Madame Alexander, Our Generation, etc. Pretty blue sneakers for 46 cm Dolls. Perfect for adding finishing touch to any doll outfit. Fashion sneakers for doll dress up. 46 cm Doll Sneakers. Doll Shoes Made by The New York Doll Collection, offering the highest qua",http://www.thenewyorkdollcollection.com/cdn/shop/products/d211-blue_grande.jpg?v=1487789802,https://www.thenewyorkdollcollection.com/products/canvas-gladiator-shoes-ocean-blue?_pos=1&_sid=ae43a4cef&_ss=r,,,
687077264476,Glitter Hair Bands set of 4,"Set of 4 Elastic Glitter Headbands for Dolls Elastic Glitter Headbands are the perfect hair accessories for your 18 inch dolls They are great to dress up your 18 inch dolls for the summer Elastic Glitter Headbands come in cute contrasting colors. Made by The New York Doll Collection, offering the highest quality 18"" Do",http://www.thenewyorkdollcollection.com/cdn/shop/products/D315.main_grande.jpg?v=1491335591,https://www.thenewyorkdollcollection.com/products/glitter-hair-bands-set-of-4?_pos=1&_sid=c9f0089cb&_ss=r,,,
687077262472,Printed Hightops Sneakers – White,Add some fun color to her toes! Dolls will be ready for action in these comfy shoes.  ,http://www.thenewyorkdollcollection.com/cdn/shop/products/d210-white_grande.jpg?v=1487792333,https://www.thenewyorkdollcollection.com/products/printed-hightops-sneakers-white?_pos=1&_sid=3033d244b&_ss=r,,,
687077264810,Layla,"Hi, I am Layla. I live in Astoria, Queens with my mom, dad, and younger sister Cassie. We live in an apartment upstairs from my grandmother and grandfather. Grandma is a great cook. She’s Greek and always cooks the best dishes she remembers from Greece. Sometimes I help her cut vegetables for moussaka, or drizzle honey",http://www.thenewyorkdollcollection.com/cdn/shop/products/B135_-_layla_grande.jpg?v=1504692902,https://www.thenewyorkdollcollection.com/products/layla?_pos=1&_sid=f27fa89c6&_ss=r,,,
687077262533,"18"" Doll Scooter & Helmet Set","18 Inch Pink Doll Scooter includes Doll shoes, Elbow and Knee pads, Scooter and Doll Helmet. Handle bars are designed for 18 inch dolls to stand by themselves. 18 INCH DOLL SCOOTER AND HELMET - your doll will ride along on her own scooter and bike helmet 18 INCH DOLL ACCESSORY SET INCLUDES Doll sized helmet, Doll Scoot",http://www.thenewyorkdollcollection.com/cdn/shop/products/413crFTM3zL_grande.jpg?v=1623173636,https://www.thenewyorkdollcollection.com/products/18-doll-scooter-helmet-set?_pos=1&_sid=833e9fa18&_ss=r,,,
709951192528,"18"" Doll Roller Skates -Doll Accessories Play Set","Perfect fit - doll clothes for American girl dolls and other 18"" Doll Doll roller blades and doll swim suit included Great gift - surprise your little girl with this set of doll accessories - lovely gift for every occasion Hours of fun- includes over 15 accessories - full variety of doll summer fun play Top quality - d",http://www.thenewyorkdollcollection.com/cdn/shop/products/51_SfHsrFwL_grande.jpg?v=1623170389,https://www.thenewyorkdollcollection.com/products/18-doll-roller-skates-doll-accessories-play-set?_pos=1&_sid=00eeefe55&_ss=r,,,
687077264827,Madison,"Hi, I",http://www.thenewyorkdollcollection.com/cdn/shop/products/B136_-_madison_grande.jpg?v=1504692873,https://www.thenewyorkdollcollection.com/products/madison?_pos=1&_sid=1cd947583&_ss=r,,,
687077264537,"2 Piece Cowgirl Outfit for 18"" Dolls",Super cute 2 Piece Cowgirl Outfit for Dolls. This Set includes a Red Top with Horse and Hearts with Denim ruffled Skirt. Fits all 18 inch Dolls including American Girl dolls. Great to mix and match with other doll clothing and accessories by The New York Doll Collection Super cute 2 Piece Cowgirl Outfit for Dolls. This,http://www.thenewyorkdollcollection.com/cdn/shop/products/D268_grande.jpg?v=1487184160,https://www.thenewyorkdollcollection.com/products/cowgirl-pony-t-shirt-and-denim-skirt-for-dolls-18-inch-doll-clothes?_pos=1&_sid=311f5d67d&_ss=r,,,
850021560546,The New York Doll Collection Bicycle Helmet for Dolls - Fits American Girl Dolls and All 18 Inch Dolls (Pink),"Make sure you doll is well protected with her very own helmet. Whether on a bike ride in her Ride Along Dolly Bike Seat, or ice skating, roller skating, scooting or more, this essential doll helmet is a must have for any American Girl Sized Doll. Manufactured by The New York Doll Collection, a Modern Company for Dolls",http://www.thenewyorkdollcollection.com/cdn/shop/products/61HERWACqEL_grande.jpg?v=1631631689,https://www.thenewyorkdollcollection.com/products/the-new-york-doll-collection-bicycle-helmet-for-dolls-fits-american-girl-dolls-and-all-18-inch-dolls-pink?_pos=1&_sid=e02ecf10d&_ss=r,,,
810120820910,Pink Winter Coat with Fur Hat,18 Inch Doll Winter Set Made with NYDC,http://www.thenewyorkdollcollection.com/cdn/shop/products/nydc2003_grande.jpg?v=1623260140,https://www.thenewyorkdollcollection.com/products/pink-winter-coat-with-fur-hat?_pos=1&_sid=c3496e70a&_ss=r,,,
850021560034,Doll Unicorn Clothes Dresses and Pajamas Onesie Outfit Set - fits 18 Inch Dolls,"Calling all Unicorn Lovers....This adorable 4 pc unicorn doll clothing set It is a thoughtful and exciting gift, that mothers and grandmothers can gift their child or grandchild. Great Christmas gift or Birthday Gift. Every Girl loves Unicorns and now their favorite doll can also dress up as one. This set also includes",http://www.thenewyorkdollcollection.com/cdn/shop/products/71_UtZV3aqS_grande.jpg?v=1623166954,https://www.thenewyorkdollcollection.com/products/doll-unicorn-clothes-dresses-and-pajamas-onesie-outfit-set-fits-18-inch-dolls?_pos=1&_sid=4cf4c6976&_ss=r,,,
687077262571,Alarm Clock Red,"working ALARM CLOCK for 18"" DOLLS DOLL FURNITURE accessory - accessories for 18 inch dolls real working features - working alarm manufactured by New York Doll Collection Doll Clothing, Doll Accessories for 18 inch Dolls",http://www.thenewyorkdollcollection.com/cdn/shop/products/e125_grande.jpg?v=1487105905,https://www.thenewyorkdollcollection.com/products/working-alarm-clock-for-dolls-red?_pos=1&_sid=b84dfff12&_ss=r,,,
687077262939,"Doll Polka Dot Tights Set of 3 – Yellow, red, navy","Dress your dolly with these super cute polka dots doll tights, to complete her cute &amp; chic look. Let her adorn herself with these adorable tights to keep her feet warm and trendy looking. Manufactured by The New York Doll Collection, a Modern Company for Dolls and Kids.   Set of 3 pairs Polka Dots Doll Tights fits",http://www.thenewyorkdollcollection.com/cdn/shop/products/D238-A.main_grande.jpg?v=1487100830,https://www.thenewyorkdollcollection.com/products/doll-polka-dot-tights-set-of-3-yellow-red-navy?_pos=1&_sid=dd7868cda&_ss=r,,,
687077263714,Assorted Doll Shirts for 18 Inch Dolls (cami),Set of 6 Solid Colored Cami Tops Package Includes: variety of 6 different cami doll shirts These Crop Tops come in Multiple Colors to Complete any 18 Inch Doll Outfit! Tops Coordinate Beautifully with any Skirt or Jeans For ages 36 months and up UPC 687077263714,http://www.thenewyorkdollcollection.com/cdn/shop/products/4119SqZnDLS_grande.jpg?v=1623162146,https://www.thenewyorkdollcollection.com/products/solid-color-cami-set-of-6?_pos=1&_sid=1337ca2b3&_ss=r,,,
687077262311,Headband fits 18 Inch/ 46 cm Two Braided Hair Wraps,Product Description Who does not love pretty hair accessories? Your 46 cm doll will be thrilled to pair these fab braided hair wraps with any outfit she may already own. These lovely doll braided hair wraps are made to fit 46 cm dolls such as New York Doll Collection and other Dolls etc Pretty Doll Hair Wraps are the p,http://www.thenewyorkdollcollection.com/cdn/shop/products/D203_grande.jpg?v=1487788995,https://www.thenewyorkdollcollection.com/products/braided-hair-wraps-set-of-2?_pos=1&_sid=35a632757&_ss=r,,,
687077263622,50Piece Baby Doll Feeding & Caring Accessory Set in Zippered Carrying Case,"Young caregivers will love this complete set of Baby Doll Accessories to ""parent"" their first baby dolls! Children can attach the Doll bib and feed their babies with bottles, spoon, spork, divided dish, Use the Doll Pampers to clean up your doll and when ready use the Doll Training Potty to toilet train your doll. A Do",http://www.thenewyorkdollcollection.com/cdn/shop/products/51Q-CBEtIGS_grande.jpg?v=1637338541,https://www.thenewyorkdollcollection.com/products/50piece-baby-doll-feeding-caring-accessory-set-in-zippered-carrying-case?_pos=1&_sid=2b4cb3828&_ss=r,,,
687077264018,"18"" Doll Flip Flops Red Polka Dot",Let her feel some water tickle her toes with her new pair of Flip Flops! Doll Flip Flops Made to Fit 18 inch Dolls Super cute Doll Flip Flops Comes with an Elastic Strap,http://www.thenewyorkdollcollection.com/cdn/shop/products/D260-r-5_grande.jpg?v=1487791586,https://www.thenewyorkdollcollection.com/products/flip-flops-red-polka-dot?_pos=1&_sid=dd2531970&_ss=r,,,
687077261017,"Doll Hairbrush in Orange, for 18 Inch Dolls","Small Doll Wig Brush in Fun Bright Orange Color Doll Hair Care Accessory Keeps Your Doll Investment in Good Condition This detangling brush is perfect for all types of dolls and bitty babies hair, Your 18 inch doll will never have a hair out of place! Perfect for 18 Inch American Girl &amp; 15 Inch Bitty Baby Dolls. Do",http://www.thenewyorkdollcollection.com/cdn/shop/products/E101_grande.jpg?v=1490130171,https://www.thenewyorkdollcollection.com/products/rubber-grip-small-doll-brush-orange?_pos=1&_sid=c5445654e&_ss=r,,,
687077261536,Jeans Doll Outfit for 18 inch Dolls,"Jeans doll outfit is a lovely ensemble made to fit 18 Inch dolls such as American Girl, Madame Alexander, Our Generation, etc. Pretty Denim Jacket, Navy and White Striped Tee, with Red Pants and matching Beret is perfect for dressing 18 inch dolls Jeans Doll Jacket with metallic buttons and real zipper Adorable hat in",http://www.thenewyorkdollcollection.com/cdn/shop/products/D181_grande.jpg?v=1487099288,https://www.thenewyorkdollcollection.com/products/denim-jacket-with-striped-tee-red-pants-and-hat?_pos=1&_sid=3cc11606c&_ss=r,,,
687077262250,"Floral Wreath with Elastic Blue, Purple, Pink","► Usage: Floral wreath with Elastic blue, purple and pink. Doll headband with pretty flowers. Detailed ornaments add great style to any doll outfit. ► High Quality: Adorable floral headband is great to dress up 18 inch dolls for the summer. Perfect hair accessory for 18 inch dolls. ► Accessories: 18 inch doll will be t",http://www.thenewyorkdollcollection.com/cdn/shop/products/D197-1_grande.jpg?v=1487262643,https://www.thenewyorkdollcollection.com/products/floral-wreath-with-elastic-blue-purple-pink?_pos=1&_sid=7505bfb38&_ss=r,,,
687077262335,18 Inch Doll Headband Set of Two Flower Wreath with Satin Ribbon Pink and Yellow Set of 2,"Who does not love pretty hair accessories?! Your 18 inch doll will be thrilled to pair this fab doll wreaths with any outfit she may already own! Satin Ribbon closure makes this the most adorable headband for Dolly! Manufactured by The New York Doll Collection, a Modern Company for Dolls and Kids. These lovely doll wre",http://www.thenewyorkdollcollection.com/cdn/shop/products/D205-1-150x150_grande.jpg?v=1490116860,https://www.thenewyorkdollcollection.com/products/flower-wreath-with-satin-ribbon-pink-and-yellow-set-of-2?_pos=1&_sid=85078eab1&_ss=r,,,
687077262540,"Pink Tennis Dress Set, Includes Dress, 2 Tennis Racquets, Ball & Bag","Doubles, anyone? Your doll will look “smashing” on the court in this sporty outfit. It includes: A tennis dress with a pleated skirt 2 doll sized tennis racquets A tennis ball A bag to keep the set super organized  ",http://www.thenewyorkdollcollection.com/cdn/shop/products/e119-cropped_grande.jpg?v=1487104079,https://www.thenewyorkdollcollection.com/products/pink-tennis-dress-set-includes-dress-2-tennis-racquets-ball-bag?_pos=1&_sid=bb1901161&_ss=r,,,
687077263264,"Doll Leggings with Ruffle – Mint Green, yellow, orange, pink, purple, turquoise","Dress your dolly with these super cute ruffled leggings, to complete her cute &amp; chic look. Let her adorn herself with these adorable leggings to keep her feet warm and trendy looking. Manufactured by The New York Doll Collection, a Modern Company for Dolls and Kids. Set of 6 pairs Ruffled Doll Leggings fits 18 inch",http://www.thenewyorkdollcollection.com/cdn/shop/products/D243-B.main_grande.jpg?v=1487100093,https://www.thenewyorkdollcollection.com/products/doll-leggings-with-ruffle-mint-green-yellow-orange-pink-purple-turquoise?_pos=1&_sid=e9cfbe908&_ss=r,,,
687077264032,Doll Car Seat Carrier Backpack with 12 Inch Soft Body Doll Includes Doll Bottles and Toy Accessories (Caucasian),Cutest Baby Doll and Carrier with Accessories Designed in the USA by The New York Doll Collection BABY DOLL WITH ACCESSORIES - Doll Car seat Playset includes Doll Car Seat and Baby Doll Accessories Key Product Features TRAVELING TOY - baby doll car seat carrier on the go can be used as a backpack or as a Doll Car seat,http://www.thenewyorkdollcollection.com/cdn/shop/products/71hLw0wAFuL_grande.jpg?v=1623161006,https://www.thenewyorkdollcollection.com/products/doll-travel-playset-baby-doll-car-seat-carrier-backpack-with-12-inch-soft-body-doll-includes-doll-bottles-and-toy-accessories-caucasian?_pos=1&_sid=05d52c1a3&_ss=r,,,
687077264247,Doll Bicycle Helmet (White Helmet),"Make sure your doll is well protected with her very own helmet. Whether on a bike ride in her Ride Along Dolly Bike Seat, or ice skating, roller skating, scooting or more, this essential doll helmet is a must have for any American Girl Sized Doll. Manufactured by The New York Doll Collection, a Modern Company for Dolls",http://www.thenewyorkdollcollection.com/cdn/shop/products/white_helmet_grande.jpg?v=1487183185,https://www.thenewyorkdollcollection.com/products/white-doll-bike-helmet-white-helmet-with-easy-strap-and-decorate-yourself-stickers-fits-all-18-inch-dolls?_pos=1&_sid=253840d8c&_ss=r,,,
687077264834,Set of 3 Rainbow Sequence Doll Hair,Who does not love pretty hair accessories?! Your 18 inch/46cm doll will be thrilled to pair these fab doll headbands with any outfit she may already own! Manufactured by The New York Doll Collection a Modern Company for Dolls and Kids. Set of 3 Rainbow Sequence Hair Accessories Includes Bow Soft Headband and Hair Clip,http://www.thenewyorkdollcollection.com/cdn/shop/products/D309.main_grande.jpg?v=1491251796,https://www.thenewyorkdollcollection.com/products/rainbow-sequence-hair-accessory-set-of-3?_pos=1&_sid=26c54b5a7&_ss=r,,,
687077261048,Red Glitter Large Doll Brush, ,http://www.thenewyorkdollcollection.com/cdn/shop/products/E104_grande.jpg?v=1490129780,https://www.thenewyorkdollcollection.com/products/large-doll-brush-red-glitter?_pos=1&_sid=d0929cd3f&_ss=r,,,
687077262687,Alarm Clock Pink,"The cutest addition to any doll collection. Authentic doll sized working alarm clock. Set the alarm and dolly will never be late to school again. Manufactured by The New York Doll Collection, quality doll clothing and accessories for 18 inch dolls. working ALARM CLOCK for 18"" DOLLS DOLL FURNITURE accessory - accessorie",http://www.thenewyorkdollcollection.com/cdn/shop/products/e126-pink_grande.jpg?v=1487102927,https://www.thenewyorkdollcollection.com/products/full-function-doll-alarm-clock-pink?_pos=1&_sid=9029274f5&_ss=r,,,
687077262960,"Doll Polka Dots Tight Set of 3 – Mint Green, pink, tangerine","Dress your dolly with these super cute polka dots doll tights, to complete her cute &amp; chic look. Let her adorn herself with these adorable tights to keep her feet warm and trendy looking. Manufactured by The New York Doll Collection, a Modern Company for Dolls and Kids. Set of 3 pairs Polka Dots Doll Tights fits 18",http://www.thenewyorkdollcollection.com/cdn/shop/products/D238-B.main_grande.jpg?v=1487101239,https://www.thenewyorkdollcollection.com/products/d238-b-main-d238-b-1-doll-polka-dots-tight-set-of-3-mint-green-pink-tangerine?_pos=1&_sid=c36b71d6d&_ss=r,,,
687077264506,Paris Dress,"Doll Outfit Includes: Adorable Purple Pleated Skirt with Pink and White Stripe paris T-shirt Fits all 18 inch Dolls including American Girl dolls. Great to mix and match with other doll clothing and accessories by The New York Doll Collection Made by The New York Doll Collection, offering the highest quality 18"" Doll F",http://www.thenewyorkdollcollection.com/cdn/shop/products/D265_grande.jpg?v=1505407333,https://www.thenewyorkdollcollection.com/products/paris-dress?_pos=1&_sid=72830217e&_ss=r,,,
709951192535,Washable Makeup set for Dolls and Kids - pretend play Cosmetic Set,"Includes: 7 Brushes, 6 Colors Blush, 4 Colors Eyeshadow, 5 Colors Lipstick, 3 Colors Lip Gloss, 3 Makeup Remover, 6 Colors Nail Polish and a Cape for the doll (Doll NOT Included) Beautify Your Little Princess Doll with this Play Makeup Kit. New York Doll Collection Makeup Accessory Kit. - Includes Dress Cape for 18 Inc",http://www.thenewyorkdollcollection.com/cdn/shop/products/e156.mainimage_grande.jpg?v=1523459030,https://www.thenewyorkdollcollection.com/products/glitz-and-glamour-doll-and-kids-makeup-set?_pos=1&_sid=485155c42&_ss=r,,,
687077264544,White Lace Dress and Belt for Dolls- 18 inch Doll Clothes,White Lace Doll Clothes for 18 inch dolls Doll Clothing fits American girl dolls and 18in dolls beautiful Doll Dress that,http://www.thenewyorkdollcollection.com/cdn/shop/products/D269_grande.jpg?v=1487184043,https://www.thenewyorkdollcollection.com/products/white-lace-dress-and-belt-for-dolls-18-inch-doll-clothes?_pos=1&_sid=456a3de76&_ss=r,,,
709951192573,"11 inch Soft Body Doll in Gift Box - 11"" Baby Doll (Boy)","FREE DOLL PACIFIER INCLUDED - First Soft Baby Boy Doll with Detailed Vinyl Head, Arms, and Legs Great BABY DOLL for Boys. Your kid will be proud holding their own Boy Doll Educational Preschool toys, Imagination and creative play with Dolls for Boys. SAFETY TESTED for toddlers Washable Boy Toy Doll Wipe it down with a",http://www.thenewyorkdollcollection.com/cdn/shop/products/515mJARPu5L_grande.jpg?v=1623260256,https://www.thenewyorkdollcollection.com/products/11-inch-soft-body-doll-in-gift-box-11-baby-doll-boy?_pos=1&_sid=27cab17de&_ss=r,,,
687077263967,Doll Rain Coats with Boots for 18 inch Dolls,"Adorable raincoat doll accessories set includes: White rain coat with belt and plaid design pocket Rain hat with buckle that matches the belt from the coat and plaid design, Cute plaid designed rain boots with zippers in the back that can be opened and closed. Get your doll ready for rainy days with this extremely fash",http://www.thenewyorkdollcollection.com/cdn/shop/products/D256_grande.jpg?v=1505407951,https://www.thenewyorkdollcollection.com/products/white-raincoat-with-boots?_pos=1&_sid=dfa622bf3&_ss=r,,,
687077264063,"18"" Doll Backpack- Green",Doll,http://www.thenewyorkdollcollection.com/cdn/shop/products/D261-G-1_grande.jpg?v=1487787877,https://www.thenewyorkdollcollection.com/products/doll-backpack?_pos=1&_sid=b51b86255&_ss=r,,,
687077264513,Pink Striped Dress with Shawl,Pink Striped Dress with Shawl for 18 inch Dolls,http://www.thenewyorkdollcollection.com/cdn/shop/products/D266_grande.jpg?v=1487184982,https://www.thenewyorkdollcollection.com/products/pink-striped-dress-with-shawl-fits-all-18-inch-dolls?_pos=1&_sid=64563cf41&_ss=r,,,
709951192542,Back to School Set - 18 Inch Girl Dolls,Looking for the perfect and Entertaining doll accessories for your 18-inch doll? You,http://www.thenewyorkdollcollection.com/cdn/shop/products/E154_grande.jpg?v=1535987885,https://www.thenewyorkdollcollection.com/products/school-desk-with-accessories?_pos=1&_sid=a72a9e435&_ss=r,,,
709951192634,18 Inch Doll 5 Pack Plain White Doll T-Shirts,"Perfect for birthday party favors, fund raisers or children",http://www.thenewyorkdollcollection.com/cdn/shop/products/41Vu030qCDL_grande.jpg?v=1623166770,https://www.thenewyorkdollcollection.com/products/18-inch-doll-5-pack-plain-white-doll-t-shirts?_pos=1&_sid=679fc7e97&_ss=r,,,
687077262328,Flower Wreath with Satin Ribbon Red and Blue Set of 2, ,http://www.thenewyorkdollcollection.com/cdn/shop/products/D204_IMAGE_grande.jpg?v=1487789062,https://www.thenewyorkdollcollection.com/products/flower-wreath-with-satin-ribbon-red-and-blue-set-of-2?_pos=1&_sid=95dabe41c&_ss=r,,,
687077262434,"Canvas Sneakers Fits 18"" Dolls – Yellow","Add some fun color to her toes! Dolls will be ready for action in these comfy shoes. Doll Shoes made to fit 18 Inch dolls such as American Girl, Madame Alexander, Our Generation, etc. Pretty yellow sneakers for 18 Inch Dolls. Perfect for adding finishing touch to any doll outfit Fashion sneakers for doll dress up",http://www.thenewyorkdollcollection.com/cdn/shop/products/D208-yellow_grande.jpg?v=1487789549,https://www.thenewyorkdollcollection.com/products/canvas-sneakers-yellow?_pos=1&_sid=46c4b8630&_ss=r,,,
687077262731,11 inches soft body vinyl doll in gift box Caucasian,"Dolly, is cuddly soft, precious and sure to be played with for years. Your little one will be captivated. Dressed in a onesie and a sweet little cap, this doll is made for love. Made for toddlers 18 months and up, a perfect first doll. The head, hands, and feet are made of durable vinyl. Made by the New York Doll Colle",http://www.thenewyorkdollcollection.com/cdn/shop/products/416jhgfKpuL_grande.jpg?v=1623084513,https://www.thenewyorkdollcollection.com/products/11-inches-soft-body-vinyl-doll-in-gift-box-caucasian?_pos=1&_sid=ac1bcab4d&_ss=r,,,
687077263820,Inspiration t-Shirts for 18 inch Dolls,"Trendy Styles for your dolls... Give your doll a Hip, Modern fashion look with these crop tops The fashion combinations are endless for your 18 inch doll with this set of 5 printed t-shirts! A variety of shirts lets your kid be creative to pair it up with any other outfit they own. They can mix n match or wear plain. K",http://www.thenewyorkdollcollection.com/cdn/shop/products/D251-2_grande.jpg?v=1487791496,https://www.thenewyorkdollcollection.com/products/solid-printed-cropped-top-set-of-5?_pos=1&_sid=2c3edee80&_ss=r,,,
687077264025,"18"" Doll Flip Flops Green Polka Dot",Let her feel some water tickle her toes with her new pair of Flip Flops! Doll Flip Flops Made to Fit 18 inch Dolls Red Glitter Flip Flops for Dolls Super cute Doll Flip Flops Comes with an Elastic Strap,http://www.thenewyorkdollcollection.com/cdn/shop/products/d260-g-3-150x150_grande.jpg?v=1623250758,https://www.thenewyorkdollcollection.com/products/flip-flops-green-polka-dot?_pos=1&_sid=e4ca2a4fe&_ss=r,,,
687077264230,"18"" Doll Scooter & Helmet Set","18 Inch Pink Doll Scooter includes Doll shoes, Elbow and Knee pads, Scooter and Doll Helmet. Handle bars are designed for 18 inch dolls to stand by themselves. 18 INCH DOLL SCOOTER AND HELMET - your doll will ride along on her own scooter and bike helmet 18 INCH DOLL ACCESSORY SET INCLUDES Doll sized helmet, Doll Scoot",http://www.thenewyorkdollcollection.com/cdn/shop/products/413crFTM3zL_grande.jpg?v=1623173636,https://www.thenewyorkdollcollection.com/products/18-doll-scooter-helmet-set?_pos=1&_sid=917139d71&_ss=r,,,
687077261239,Pink Winter Coat with Fur Hat,18 Inch Doll Winter Set Made with NYDC,http://www.thenewyorkdollcollection.com/cdn/shop/products/nydc2003_grande.jpg?v=1623260140,https://www.thenewyorkdollcollection.com/products/pink-winter-coat-with-fur-hat?_pos=1&_sid=2d5732ab7&_ss=r,,,
687077262267,Floral Sunflower Wreath Yellow,"Who does not love pretty hair accessories?! Your 18 inch doll will be thrilled to pair this fab doll wreath with any outfit she may already own! Manufactured by The New York Doll Collection, a Modern Company for Dolls and Kids. This lovely doll wreath with sunflowers is made to fit 18 Inch dolls such as American Girl,",http://www.thenewyorkdollcollection.com/cdn/shop/products/D198-2_grande.jpg?v=1487262658,https://www.thenewyorkdollcollection.com/products/floral-sunflower-wreath-yellow?_pos=1&_sid=13565c81b&_ss=r,,,
687077262458,Printed Hightops Sneakers – Red,"Fits all 18 inch Dolls including American Girl dolls. Manufactured from High Quality Material. Made by The New York Doll Collection, offering the highest quality 18"" Doll Furniture, 18"" Doll Clothes, 18"" Doll Shoes and 18"" Doll Accessories!",http://www.thenewyorkdollcollection.com/cdn/shop/products/d210-red_grande.jpg?v=1487789704,https://www.thenewyorkdollcollection.com/products/printed-hightops-sneakers-red?_pos=1&_sid=18a057aed&_ss=r,,,
687077262557,Set of 3 Doll Glasses,"Be Chic and In style with this Designer Set of Doll Glasses For 18 inch Dolls which also fits American Girl Dolls. The set of three includes; one pair of a purple metal frame, one pair of a black frame with red handles, and one pair of sun glasses with blue frame and yellow handles. All glasses are safety tested for ki",http://www.thenewyorkdollcollection.com/cdn/shop/products/e117-cropped_grande.jpg?v=1487104465,https://www.thenewyorkdollcollection.com/products/set-of-3-doll-glasses?_pos=1&_sid=8df794e81&_ss=r,,,
687077262755,11 Inch Baby Doll - Hispanic,"The New York Doll Collection Realistically Looking Hispanic Soft Baby Doll with Amazingly Detailed Vinyl Head, Arms, and Legs Dressed in a Light Blue and White Onesie and a Sweet Little matching Hat. The Hispanic Doll has Brown Eyes. This doll is 11-inches which makes it easy for Small Children to Hold, Carry and play",http://www.thenewyorkdollcollection.com/cdn/shop/products/71T52SbyYsL_grande.jpg?v=1623085334,https://www.thenewyorkdollcollection.com/products/11-inch-soft-body-vinyl-doll-in-gift-box-hispanic?_pos=1&_sid=7078e615a&_ss=r,,,
687077263271,"Doll Leggings with Ruffle – Mint Green, yellow, orange, pink, purple, turquoise","Dress your dolly with these super cute ruffled leggings, to complete her cute &amp; chic look. Let her adorn herself with these adorable leggings to keep her feet warm and trendy looking. Manufactured by The New York Doll Collection, a Modern Company for Dolls and Kids. Set of 6 pairs Ruffled Doll Leggings fits 18 inch",http://www.thenewyorkdollcollection.com/cdn/shop/products/D243-B.main_grande.jpg?v=1487100093,https://www.thenewyorkdollcollection.com/products/doll-leggings-with-ruffle-mint-green-yellow-orange-pink-purple-turquoise?_pos=1&_sid=5bbbaa2f3&_ss=r,,,
687077263653,Inspiration t-Shirts for 18 inch Dolls,"Trendy Styles for your dolls... Give your doll a Hip, Modern fashion look with these crop tops The fashion combinations are endless for your 18 inch doll with this set of 5 printed t-shirts! A variety of shirts lets your kid be creative to pair it up with any other outfit they own. They can mix n match or wear plain. K",http://www.thenewyorkdollcollection.com/cdn/shop/products/D251-2_grande.jpg?v=1487791496,https://www.thenewyorkdollcollection.com/products/solid-printed-cropped-top-set-of-5?_pos=1&_sid=86185e5a5&_ss=r,,,
687077263929,Inspiration t-Shirts for 18 inch Dolls,"Trendy Styles for your dolls... Give your doll a Hip, Modern fashion look with these crop tops The fashion combinations are endless for your 18 inch doll with this set of 5 printed t-shirts! A variety of shirts lets your kid be creative to pair it up with any other outfit they own. They can mix n match or wear plain. K",http://www.thenewyorkdollcollection.com/cdn/shop/products/D251-2_grande.jpg?v=1487791496,https://www.thenewyorkdollcollection.com/products/solid-printed-cropped-top-set-of-5?_pos=1&_sid=86185e5a5&_ss=r,,,
687077264704,Heart Jumper with White T-shirt for 18 inch Dolls,Super Cute Denim Heart Jumper with White T-shirt for Dolls Doll Outfit Includes: Adorable Denim and Pink Heart Jumper with White T-shirt Fits all 18 inch Dolls including American Girl dolls. Great to mix and match with other doll clothing and accessories by The New York Doll Collection Made by The New York Doll Collect,http://www.thenewyorkdollcollection.com/cdn/shop/products/D278_grande.jpg?v=1487185164,https://www.thenewyorkdollcollection.com/products/heart-jumper-with-white-t-shirt-for-dolls-18-inch-doll-outfit?_pos=1&_sid=28216ad1d&_ss=r,,,
687077264841,Headband fits 18 Inch/ 46 cm Two Braided Hair Wraps,Product Description Who does not love pretty hair accessories? Your 46 cm doll will be thrilled to pair these fab braided hair wraps with any outfit she may already own. These lovely doll braided hair wraps are made to fit 46 cm dolls such as New York Doll Collection and other Dolls etc Pretty Doll Hair Wraps are the p,http://www.thenewyorkdollcollection.com/cdn/shop/products/D203_grande.jpg?v=1487788995,https://www.thenewyorkdollcollection.com/products/braided-hair-wraps-set-of-2?_pos=1&_sid=246300b9d&_ss=r,,,
687077264551,White top and red skirt set,,http://www.thenewyorkdollcollection.com/cdn/shop/products/D270_grande.jpg?v=1505407426,https://www.thenewyorkdollcollection.com/products/white-top-and-red-skirt-set?_pos=1&_sid=3b926c2e9&_ss=r,,,
709951192764,"Drink and Wet Potty Training Baby Doll posable Dolls with Pacifier, Bottle, and Diapers  (caucasian)",DRINKING DOLL WITH POTTY – The perfect gift when your child is ready to start Toiled Training MOTIVATION - encourages kids to use the Bathroom instead of Wetting. Doll actually Drinks and Wets HANDS ON TOYS - Wetting Dolls are great for children to understand the concept of toilet training Key Product Features Posable,http://www.thenewyorkdollcollection.com/cdn/shop/products/711E-bEBzuL_grande.jpg?v=1623099067,https://www.thenewyorkdollcollection.com/products/drink-and-wet-potty-training-baby-doll-posable-dolls-with-pacifier-bottle-and-diapers-caucasian?_pos=1&_sid=0fa502cf1&_ss=r,,,
86138100485,"Dolls Mega Play set with Dolls High Chair, 3-1 Doll Bouncer and Pack N Play Pink for 18-inch Dolls","This Mega doll playset includes a highchair, Bouncer and pack N play for dolls. Little girls will enjoy endless hours of fantastic pretend play fun with this Super value set. Pack N play dimensions: 12""x21""x12""; high chair dimensions: 12""x6""x24""; Bouncer dimensions: 14""x10""x15"". Highchair is foldable. Doll High Chair D",http://www.thenewyorkdollcollection.com/cdn/shop/products/71zEzIr_f9L_grande.jpg?v=1622817845,https://www.thenewyorkdollcollection.com/products/dolls-mega-play-set-with-dolls-high-chair-3-1-doll-bouncer-and-pack-n-play-pink-for-18-inch-dolls?_pos=1&_sid=d7969f78d&_ss=r,12,21,12
687077261055,Pink Glitter Large Doll Brush, ,http://www.thenewyorkdollcollection.com/cdn/shop/products/E105_grande.jpg?v=1490129761,https://www.thenewyorkdollcollection.com/products/large-doll-brush-pink-glitter?_pos=1&_sid=79eba9633&_ss=r,,,
687077262137,"Dolls Mega Play set with Dolls High Chair, 3-1 Doll Bouncer and Pack N Play Pink for 18-inch Dolls","This Mega doll playset includes a highchair, Bouncer and pack N play for dolls. Little girls will enjoy endless hours of fantastic pretend play fun with this Super value set. Pack N play dimensions: 12""x21""x12""; high chair dimensions: 12""x6""x24""; Bouncer dimensions: 14""x10""x15"". Highchair is foldable. Doll High Chair D",http://www.thenewyorkdollcollection.com/cdn/shop/products/71zEzIr_f9L_grande.jpg?v=1622817845,https://www.thenewyorkdollcollection.com/products/dolls-mega-play-set-with-dolls-high-chair-3-1-doll-bouncer-and-pack-n-play-pink-for-18-inch-dolls?_pos=1&_sid=77a21fecc&_ss=r,12,21,12
687077262397,18 inch Dolls Shiny Leather Sneakers – Yellow,"Add some fun color to her toes! Dolls will be ready for action in these comfy shoes. Doll Shoes made to fit 18 Inch dolls such as American Girl, Madame Alexander, Our Generation, etc. Pretty yellow sneakers for 18 Inch Dolls. Perfect for adding finishing touch to any doll outfit Fashion sneakers for doll dress up 18 in",http://www.thenewyorkdollcollection.com/cdn/shop/products/d207-yellow_grande.jpg?v=1487789403,https://www.thenewyorkdollcollection.com/products/shiny-leather-sneakers-yellow?_pos=1&_sid=c8e616962&_ss=r,,,
687077262489,Doll Canvas Gladiator Shoes Fits All 18 inch Dolls (Coral),"Add some fun color to her toes! Dolls will be ready for action in these comfy shoes. Manufactured by The New York Doll Collection, a Modern Company for Dolls and Kids. Doll Shoes made to fit 18 Inch dolls such as American Girl, Madame Alexander, Our Generation, etc. Pretty coral sneakers for 18 Inch Dolls. Perfect for",http://www.thenewyorkdollcollection.com/cdn/shop/products/d211-coral_grande.jpg?v=1487789764,https://www.thenewyorkdollcollection.com/products/canvas-gladiator-shoes-coral?_pos=1&_sid=0a4c40e1b&_ss=r,,,
687077263127,White Lace Dress and Belt for Dolls- 18 inch Doll,"Set of Doll Leggings and White Top Clothing Dress fits 18 inch/46cm Dolls Package Includes: Animal Print Leggings and White Top These Printed Leggings come with White Top to Complete any 18 inch/46 cm Doll Outfit Super Soft, Comfortable and High-Quality Fabric Clothing. Set of Doll Leggings and White Top Clothing |Dres",http://www.thenewyorkdollcollection.com/cdn/shop/products/D271_grande.jpg?v=1487183812,https://www.thenewyorkdollcollection.com/products/animal-print-leggings-and-white-top-fits-all-18-inch-dolls?_pos=1&_sid=0c4fd1e86&_ss=r,,,
687077263585,Short Sleeve T-shirt Solid Colors set of 10,Set of 10 Solid Colored Short Sleeve T shirts fits 18 Inch Dolls Package Includes set of 10 different solid colored Doll T-shirts These Doll T-shirt Tops come in Multiple Colors to Complete any 18 Inch Doll Outfit Doll Shirts Coordinate Beautifully with any Doll Skirt or Jeans,http://www.thenewyorkdollcollection.com/cdn/shop/products/71d5VKCq4kL_grande.jpg?v=1623161930,https://www.thenewyorkdollcollection.com/products/short-sleeve-t-shirt-solid-colors-set-of-7?_pos=1&_sid=3c169a2f9&_ss=r,,,
687077261062,"Large Doll Hairbrush in Gold Glitter, for 18 Inch Dolls",Large Doll Wig Brush in Fun Bright Sparkle Gold Color Doll Hair Care Accessory Keeps Your Doll Investment in Good Condition Perfect for American Girl Dolls and other 18 inch dolls The handle is just the right size for the girl,http://www.thenewyorkdollcollection.com/cdn/shop/products/E106_grande.jpg?v=1490129749,https://www.thenewyorkdollcollection.com/products/large-doll-brush-gold-glitter?_pos=1&_sid=2811a9ab2&_ss=r,,,
687077262700,Doll Snowboard and Accessories for 18 inch Dolls,"Get your dolly ready for snowboarding fun! Dress up your 18 inch doll warmly, attach the goggles to block the sun",http://www.thenewyorkdollcollection.com/cdn/shop/products/e128_grande.jpg?v=1487104894,https://www.thenewyorkdollcollection.com/products/snowboard?_pos=1&_sid=56d08f27f&_ss=r,,,
687077263158,"Doll Tights-Yellow, Mint Green, Pink, Orange, Turquoise","Includes 5 pairs of Doll Tights fits 18 inch Dolls Package Includes: Yellow, Mint Green, Pink, Orange and Turquoise Colored Doll Tights These tights come in multiple solid colors to complete any 18 Inch Doll Outfit! Super Soft, Comfortable and High-Quality Fabric Doll Tights. Made by The New York Doll Collection, Offer",http://www.thenewyorkdollcollection.com/cdn/shop/products/D242-A.main_grande.jpg?v=1487102171,https://www.thenewyorkdollcollection.com/products/doll-tights-white-blue-red-green-purple?_pos=1&_sid=56159afdf&_ss=r,,,
687077264001,"18"" Doll Flip Flops Red Glitter","Let her feel some water tickle her toes with her new pair of Flip Flops! These flip flops will help make adventures more real and much more fun. Manufactured by The New York Doll Collection, a Modern Company for Dolls and Kids. Doll Flip Flops Made to Fit 18 inch Dolls Super cute Doll Flip Flops Comes with an Elastic S",http://www.thenewyorkdollcollection.com/cdn/shop/products/D259-rg--255x255_grande.jpg?v=1490128288,https://www.thenewyorkdollcollection.com/products/flip-flops-red-glitter?_pos=1&_sid=ccd25e1db&_ss=r,,,
687077264612,Purple Striped Jumper with white T-shirt -Fits all 18 inch Dolls,Dolly will be all ready for any occasion in this sweet doll ensemble . She,http://www.thenewyorkdollcollection.com/cdn/shop/products/D276_grande.jpg?v=1505407522,https://www.thenewyorkdollcollection.com/products/striped-jumper-purple?_pos=1&_sid=6872b5493&_ss=r,,,
7290014044746,Interactive 16” Baby Doll Toy Doctor Kit with Light Up Heartbeat Sound Stethoscope,* CHECKUP DOC TOY DOLL SET: It,http://www.thenewyorkdollcollection.com/cdn/shop/products/71fR4DdnVRL_grande.jpg?v=1645636183,https://www.thenewyorkdollcollection.com/products/interactive-16-baby-doll-toy-doctor-kit-with-light-up-heartbeat-sound-stethoscope?_pos=1&_sid=55351095b&_ss=r,,,
687077263998,18 Inch Doll Bathing Suit 5 Piece Beach Set,Dolls can have fun in the sun with this Adorable Striped Swim Wear Set. Set includes everything needed for a fun day at the beach. Cute floppy sun hat protects dolly from strong sun rays on sunny days. She,http://www.thenewyorkdollcollection.com/cdn/shop/products/18-Inch-Doll-Bathing-Suit-5-1-150x150_grande.jpg?v=1490117052,https://www.thenewyorkdollcollection.com/products/2-piece-bathing-suit-with-skirt-sun-hat-and-beach-bag?_pos=1&_sid=d5cb4ee4b&_ss=r,,,
709951192559,Bikini Swim Set Fit for 18 Inch Dolls,"Diving into summer has never been more fun with this adorable bikini swim suit for 18 inch Dolls! For an affordable price, you can now add this pretty two-piece doll bathing suit to your doll",http://www.thenewyorkdollcollection.com/cdn/shop/products/bikini_set_grande.jpg?v=1490130361,https://www.thenewyorkdollcollection.com/products/pom-pom-bikini-set?_pos=1&_sid=5c79d4093&_ss=r,,,
709951192672,New York Doll Collection Baby Doll Carrier Backpack Front and Back fits up to 20 inch Dolls - Fun Babydoll Accessories,This bright and fun Heart Designed baby Doll carrier is perfect for mini mommies on the go! This is dual purpose carrier allows little ones to tote their dolls in the front or back! It features two adjustable vertical straps and a elastic in the back to accommodate various sizes of dolls. The New York Doll Collection C,http://www.thenewyorkdollcollection.com/cdn/shop/products/71rQeE2nFyL_grande.jpg?v=1634240440,https://www.thenewyorkdollcollection.com/products/new-york-doll-collection-baby-doll-carrier-backpack-front-and-back-fits-up-to-20-inch-dolls-fun-babydoll-accessories?_pos=1&_sid=de1f64a43&_ss=r,,,
810120820194,"12 Inch Soft Body Interactive Baby Doll That Can Talk, Cry, Sing And Laugh - Unicorn","A favorite Doll is a child’s first best friend, often before they’re ready to form real human friendships. This 12 Inch Baby Doll was designed to be a child",http://www.thenewyorkdollcollection.com/cdn/shop/products/61aWUy6XL7L_grande.jpg?v=1642615301,https://www.thenewyorkdollcollection.com/products/12-inch-soft-body-interactive-baby-doll-that-can-talk-cry-sing-and-laugh-unicorn?_pos=1&_sid=9d7e08b6e&_ss=r,,,
687077261352,18 inch Doll Color Blok Dress with Matching Headband, ,http://www.thenewyorkdollcollection.com/cdn/shop/products/Doll-Colorbloc-Dress-255x255_grande.jpg?v=1490121600,https://www.thenewyorkdollcollection.com/products/doll-colorblock-dress-with-matching-headband?_pos=1&_sid=62fa0b2c3&_ss=r,,,
687077263080,Doll Socks -Knee Highs Set of 4,"Package Includes: Red, Black, Green, and Ivory Doll Knee Highs These 18 inch Doll Socks Come in Multiple Solid Colors to Complete any 18 Inch Doll Outfit! Super Soft, Comfortable and High-Quality Fabric Doll Knee Highs. Made by The New York Doll Collection, Offering the highest quality 18"" Doll Strollers, 18"" Doll Furn",http://www.thenewyorkdollcollection.com/cdn/shop/products/D240-1_grande.jpg?v=1487790276,https://www.thenewyorkdollcollection.com/products/knee-highs-set-of-4?_pos=1&_sid=09dd284d9&_ss=r,,,
687077262892,Set of 4 Animal Printed Leggings for 18 inch Dolls,"Dress your dolly with these super cute animal print leggings, to complete her cute &amp; chic look. Let her adorn herself with these adorable leggings to keep her feet warm and trendy looking. Manufactured by The New York Doll Collection, a Modern Company for Dolls and Kids. Set of 4 pairs Animal Print Leggings/ Tights",http://www.thenewyorkdollcollection.com/cdn/shop/products/D237.main_grande.jpg?v=1487097494,https://www.thenewyorkdollcollection.com/products/animal-leggings-set-of-4?_pos=1&_sid=bcb175f94&_ss=r,,,
687077261291,Blue Princess Dress for 18 Inch Dolls,"Have hours of make believe fun with this Princess Elsa inspired doll dress! This 18 inch doll gown has sheer long sleeves with embroidered, silver sparkling snowflakes. Has attached flowing cape, teal sequenced sweetheart bodice, and long teal satin skirt with train. This is truly an exquisite doll costume for one of y",http://www.thenewyorkdollcollection.com/cdn/shop/products/D166_grande.jpg?v=1490190932,https://www.thenewyorkdollcollection.com/products/blue-princess-dress-with-snowflakes?_pos=1&_sid=61cd9bfbf&_ss=r,,,
850021560843,My First Umbrella Doll Stroller in Denim for Toddler,This adorable doll stroller features a strong and durable built and offers and easy fold and go design. Makes for the perfect gift for the little girl or boy in your life. Buckle to hold doll secure. Easy fold and go. Strong Metal Frame. Quality Material: Doll stroller made with top Quality materiel having comfortable,http://www.thenewyorkdollcollection.com/cdn/shop/products/718hiP3Kg5L_grande.jpg?v=1622815623,https://www.thenewyorkdollcollection.com/products/my-first-umbrella-doll-stroller-in-denim-for-toddler?_pos=1&_sid=17c304e76&_ss=r,,,
810120820378,Baby Doll Clothes for 14 15 and 16 inch Dolls,"Fits Baby Dolls 14-16 Inches Designed to fit dolls like Bitty baby and other Dolls up to 16 inches Highest Quality Our fine quality Doll Clothing are manufactured with the softest fabric Easy Velcro Closures Designed with kids in mind, all our Baby Doll Clothing are easy to dress and close Accessories included Baby Dol",http://www.thenewyorkdollcollection.com/cdn/shop/products/71jg4YaJUiL_grande.jpg?v=1623166590,https://www.thenewyorkdollcollection.com/products/baby-doll-clothes-for-14-15-and-16-inch-dolls?_pos=1&_sid=051482571&_ss=r,,,
687077261567,"18"" Doll Lace Birthday Dress", ,http://www.thenewyorkdollcollection.com/cdn/shop/products/D184_grande.jpg?v=1490192578,https://www.thenewyorkdollcollection.com/products/lace-birthday-dress?_pos=1&_sid=e1840d628&_ss=r,,,
850021560386,"Interactive Talking Baby Doll Doctor Set Toy Pack for Kids – 14” Doll with Lights, Sound Effects, Pretend Play Dr Checkup Accessories – Pink","CHEEKS LIGHT UP &amp; GLOW RED: Outfitted with light up cheeks that glow rosy red to show that baby is running a fever, our 14 inch play doc dolly is an interactive kid’s toy created to simulate real life situations &amp; scenarios. Familiarize young kids with clinical care, hospital visits &amp; illness by encouraging",http://www.thenewyorkdollcollection.com/cdn/shop/products/71IZObZOHSL_grande.jpg?v=1648053638,https://www.thenewyorkdollcollection.com/products/interactive-talking-baby-doll-doctor-set-toy-pack-for-kids-14-doll-with-lights-sound-effects-pretend-play-dr-checkup-accessories-pink?_pos=1&_sid=db3dd8628&_ss=r,,,
850021560324,Interactive 16” Baby Doll Toy Doctor Kit with Light Up Heartbeat Sound Stethoscope,* CHECKUP DOC TOY DOLL SET: It,http://www.thenewyorkdollcollection.com/cdn/shop/products/71fR4DdnVRL_grande.jpg?v=1645636183,https://www.thenewyorkdollcollection.com/products/interactive-16-baby-doll-toy-doctor-kit-with-light-up-heartbeat-sound-stethoscope?_pos=1&_sid=83ee24048&_ss=r,,,
8500215603550,14 inch Soft Body Caucasian Baby Doll - Newborn Dolls for Girls with Doll Pacifier,"Color: Caucasian The Soft Body, Huggable 14 Inch Baby Doll is cuddly, soft, and sure to be played with for hours of pretend play fun. Dressed in a onesie and a matching hat this doll is made for love. Made for toddlers 18 months and up, this is a perfect FIRST DOLL. The head, hands, and feet are made of durable vinyl.",http://www.thenewyorkdollcollection.com/cdn/shop/products/61gmUeVZHTL_grande.jpg?v=1623085697,https://www.thenewyorkdollcollection.com/products/14-inch-soft-body-caucasian-baby-doll?_pos=1&_sid=9e49aa9ef&_ss=r,,,
850021560515,The New York Doll Collection 14 inch Soft Body African American Baby Doll,Soft Body African American BABY DOLL - Flexible arms and legs 14-inch Size DOLL That,http://www.thenewyorkdollcollection.com/cdn/shop/products/71LnNY_YI-L_grande.jpg?v=1623096967,https://www.thenewyorkdollcollection.com/products/the-new-york-doll-collection-14-inch-soft-body-african-american-baby-doll?_pos=1&_sid=00b2e7663&_ss=r,,,
850021560423,"16 inch Realistic Baby Doll with Plush Body, Soft Vinyl Head & Extremities, Gingham Print Summer Outfit Bonnet Hat, Blinking Open & Close Eyes – Boxed 16” Kid’s Doll Gift for Toddler Girl, Boy","VINYL HEAD, ARMS &amp; LEGS: Crafted out of a high quality nontoxic kid-safe vinyl material, the head, arms &amp; legs of this plush body baby doll have been built to reliably withstand inevitable wear &amp; tear. Our half &amp; half vinyl head soft core dolls are perfect (realistic) pretend play toys for toddlers, pre",http://www.thenewyorkdollcollection.com/cdn/shop/products/711u5pW6f9L_grande.jpg?v=1648053257,https://www.thenewyorkdollcollection.com/products/16-inch-realistic-baby-doll-with-plush-body-soft-vinyl-head-extremities-gingham-print-summer-outfit-bonnet-hat-blinking-open-close-eyes-boxed-16-kid-s-doll-gift-for-toddler-girl-boy?_pos=1&_sid=dbafaa5b6&_ss=r&variant=41966219886756,,,
810120820224,Doll Diapers set of 10,Made to fit your Baby Alive Doll. Each Set comes with 10 Diapers featuring padding and reusable Velcro closures on the 2 sides. Keep your Baby Doll fresh and clean with these convenient doll diapers. More fun than Ever! Pretend being a mommy by changing your dolls diaper without the real life mess! Made by The New York,http://www.thenewyorkdollcollection.com/cdn/shop/products/354d1514-f34e-4c45-98e9-053a0c358576_1.4b9af078e92c838cfe96330f30d2ed03_grande.jpg?v=1623249365,https://www.thenewyorkdollcollection.com/products/doll-diapers?_pos=1&_sid=d2c29dfe9&_ss=r,,,
850021560348,"10"" Baby Doll Doctor Set for Kids – Playset Pack with Checkup Accessories & Newborn Doll in Unicorn Hospital Clothes","* 5 PIECE DOCTOR DOLL KIT: The best complete doctor kit with 10 inch vinyl babydoll for toddlers 3-5 years old, this toy doctor playset also features a small set of pretend toy medical supplies for giving the newborn baby doll her sick day “checkups”, playing with this baby doll set will make them feel like a real doct",http://www.thenewyorkdollcollection.com/cdn/shop/products/718w4-m8t7L_grande.jpg?v=1645635954,https://www.thenewyorkdollcollection.com/products/10-baby-doll-doctor-set-for-kids-playset-pack-with-checkup-accessories-newborn-doll-in-unicorn-hospital-clothes?_pos=1&_sid=42cfa93d5&_ss=r,,,
810120820590,11 inch Soft Body Doll in Gift Box,"Dolly, is cuddly soft, precious and sure to be played with for years. Your little one will be captivated. Dressed in a onesie and a sweet little cap, this doll is made for love. Made for toddlers, a perfect first doll. The head, hands, and feet are made of durable vinyl. Made by the New York Doll Collection™ offering a",http://www.thenewyorkdollcollection.com/cdn/shop/products/71vnEqIQ1fL_grande.jpg?v=1623086043,https://www.thenewyorkdollcollection.com/products/11-inch-soft-body-doll-in-gift-box?_pos=1&_sid=e6e53749e&_ss=r,,,
850021560980,"11 inch Soft Body Doll in Gift Box - 11"" Baby Doll (Boy)","FREE DOLL PACIFIER INCLUDED - First Soft Baby Boy Doll with Detailed Vinyl Head, Arms, and Legs Great BABY DOLL for Boys. Your kid will be proud holding their own Boy Doll Educational Preschool toys, Imagination and creative play with Dolls for Boys. SAFETY TESTED for toddlers Washable Boy Toy Doll Wipe it down with a",http://www.thenewyorkdollcollection.com/cdn/shop/products/515mJARPu5L_grande.jpg?v=1623260256,https://www.thenewyorkdollcollection.com/products/11-inch-soft-body-doll-in-gift-box-11-baby-doll-boy?_pos=1&_sid=3a4f62073&_ss=r,,,
850021560959,14 inch Soft Body Caucasian Baby Doll - Newborn Dolls for Girls with Doll Pacifier,"Color: Caucasian The Soft Body, Huggable 14 Inch Baby Doll is cuddly, soft, and sure to be played with for hours of pretend play fun. Dressed in a onesie and a matching hat this doll is made for love. Made for toddlers 18 months and up, this is a perfect FIRST DOLL. The head, hands, and feet are made of durable vinyl.",http://www.thenewyorkdollcollection.com/cdn/shop/products/61gmUeVZHTL_grande.jpg?v=1623085697,https://www.thenewyorkdollcollection.com/products/14-inch-soft-body-caucasian-baby-doll?_pos=1&_sid=d9c8a8db8&_ss=r,,,
810120820583,11 Inch Baby Doll - Hispanic,"The New York Doll Collection Realistically Looking Hispanic Soft Baby Doll with Amazingly Detailed Vinyl Head, Arms, and Legs Dressed in a Light Blue and White Onesie and a Sweet Little matching Hat. The Hispanic Doll has Brown Eyes. This doll is 11-inches which makes it easy for Small Children to Hold, Carry and play",http://www.thenewyorkdollcollection.com/cdn/shop/products/71T52SbyYsL_grande.jpg?v=1623085334,https://www.thenewyorkdollcollection.com/products/11-inch-soft-body-vinyl-doll-in-gift-box-hispanic?_pos=1&_sid=d6b7fb6f1&_ss=r,,,
850021560898,"18"" Doll Travel Case, Includes Doll Sleepover Set with 9 Doll Accessories","9 Piece Set Includes: Doll Traveling Case with Pockets, Doll Sleeping Bag, Pillow, 18 Inch Doll Pajamas, Fuzzy Slippers, Teddy Bear, Eye Mask, Story Book and a Game 9 piece set includes: doll traveling case with pockets, doll sleeping bag, pillow, 18 inch doll pajamas, fuzzy slippers, teddy bear, eye mask, story book a",http://www.thenewyorkdollcollection.com/cdn/shop/products/g115_-_main_grande.jpg?v=1521053136,https://www.thenewyorkdollcollection.com/products/city-girls-travel-bag-and-sleepover-set?_pos=1&_sid=f864eb5ff&_ss=r,,,
850021560065,"Baby Doll Accessories, Doll Magic Bottles & Doll Feeding Set in A Bag","An Accessory you need the most for your lovely dolls its modern design makes the milk bottles unique, just as if the doll drinks it. Give your doll the milk bottle and be amazed how the milk disappears when feeding your new born baby Doll. 8 pc doll magic bottles feeding set includes 2 baby doll bottles with disappeari",http://www.thenewyorkdollcollection.com/cdn/shop/products/51d2tw8h6tL_grande.jpg?v=1623170796,https://www.thenewyorkdollcollection.com/products/baby-doll-accessories-doll-magic-bottles-doll-feeding-set-in-a-bag?_pos=1&_sid=c2d11af5c&_ss=r,,,
